0 0.48828125 0.2078125 0.0609375 0.0296875
0 0.9109375 0.92109375 0.059375 0.0359375
0 0.12578125 0.64921875 0.0578125 0.028125
0 0.20703125 0.959375 0.0546875 0.0234375
0 0.32265625 0.9640625 0.0578125 0.0234375
0 0.18515625 0.559375 0.0609375 0.028125
0 0.6109375 0.23671875 0.0578125 0.0265625
0 0.56171875 0.93515625 0.0609375 0.0328125
0 0.91015625 0.946875 0.05625 0.0296875
0 0.60546875 0.0984375 0.0546875 0.021875
0 0.4421875 0.9640625 0.0609375 0.0265625
0 0.0859375 0.97890625 0.0546875 0.025
0 0.61953125 0.559375 0.0609375 0.028125
0 0.01875 0.4125 0.034375 0.0265625
0 0.49375 0.4375 0.05625 0.0328125
0 0.83984375 0.13203125 0.0609375 0.025
0 0.4984375 0.82734375 0.0578125 0.03125
0 0.371875 0.59140625 0.0578125 0.03125
1 0.5515625 0.2625 0.05625 0.0328125
1 0.26171875 0.9046875 0.05625 0.034375
1 0.2515625 0.76796875 0.0578125 0.03125
1 0.4359375 0.7375 0.05625 0.0328125
0 0.0265625 0.89375 0.0453125 0.025
0 0.74140625 0.95546875 0.053125 0.0296875
0 0.621875 0.6203125 0.0609375 0.0328125