0 0.96171875 0.7953125 0.05546875 0.02578125
0 0.95546875 0.8796875 0.05390625 0.02578125
0 0.5609375 0.53046875 0.0609375 0.025
0 0.97109375 0.6828125 0.0515625 0.02421875
0 0.67734375 0.68203125 0.06171875 0.025
0 0.63125 0.18125 0.059375 0.02421875
0 0.6859375 0.53125 0.06328125 0.02578125
0 0.9578125 0.82421875 0.0546875 0.025
0 0.509375 0.125 0.05859375 0.0203125
0 0.4421875 0.31875 0.059375 0.025
0 0.51171875 0.1765625 0.05625 0.02265625
0 0.8578125 0.625 0.05859375 0.025
0 0.73671875 0.7140625 0.06328125 0.02265625
1 0.0296875 0.8640625 0.04921875 0.028125
1 0.0890625 0.840625 0.05078125 0.02265625
1 0.68671875 0.271875 0.0625 0.02734375