0 0.1078125 0.7625 0.0609375 0.02578125
0 0.4265625 0.43515625 0.0625 0.028125
0 0.68828125 0.4109375 0.0625 0.025
0 0.4265625 0.4671875 0.0625 0.02578125
0 0.66015625 0.9484375 0.05625 0.02109375
0 0.690625 0.2 0.059375 0.02421875
0 0.01484375 0.97265625 0.0296875 0.0265625
0 0.69375 0.25625 0.0578125 0.025
0 0.7453125 0.5984375 0.059375 0.025
0 0.17109375 0.98671875 0.0609375 0.025
0 0.04921875 0.73125 0.0515625 0.02421875
0 0.41875 0.65625 0.0625 0.02578125
0 0.8078125 0.63125 0.05859375 0.02421875
0 0.4859375 0.625 0.06640625 0.0265625
0 0.50078125 0.19375 0.0625 0.02421875
0 0.56328125 0.2234375 0.0625 0.02265625
0 0.50078125 0.2234375 0.05859375 0.02265625
0 0.3078125 0.2453125 0.059375 0.02265625
0 0.80625 0.6625 0.05859375 0.025
0 0.01640625 0.24921875 0.03203125 0.0234375
0 0.8078125 0.6 0.059375 0.02578125
0 0.0578125 0.9765625 0.05625 0.02890625
0 0.23203125 0.9890625 0.0578125 0.01875
0 0.4796875 0.8078125 0.06171875 0.025
1 0.75390625 0.47421875 0.05625 0.0296875
0 0.49609375 0.37578125 0.0578125 0.0296875