0 0.6109375 0.44921875 0.0609375 0.0234375
0 0.72734375 0.6296875 0.05625 0.025
0 0.7359375 0.509375 0.0546875 0.02265625
0 0.7140625 0.83203125 0.0578125 0.0234375
0 0.715625 0.8609375 0.05546875 0.02265625
0 0.73359375 0.48125 0.05546875 0.025
0 0.853125 0.4828125 0.05546875 0.02421875
0 0.88984375 0.88359375 0.0484375 0.021875
0 0.11171875 0.84375 0.059375 0.02421875
0 0.61015625 0.478125 0.05859375 0.02109375
0 0.6734375 0.3296875 0.05625 0.02421875
0 0.909375 0.5125 0.0515625 0.02265625
0 0.7921875 0.4515625 0.0515625 0.02265625
0 0.59453125 0.8890625 0.0578125 0.02265625
1 0.5578125 0.15859375 0.053125 0.02578125
1 0.2046875 0.15703125 0.05078125 0.02109375
0 0.325 0.10625 0.0484375 0.02265625
0 0.38203125 0.10625 0.05 0.01796875
0 0.2078125 0.10703125 0.046875 0.0203125
0 0.1453125 0.15625 0.04765625 0.0203125
0 0.4984375 0.1578125 0.05390625 0.021875
0 0.5578125 0.1328125 0.05078125 0.02109375
0 0.24375 0.44140625 0.053125 0.02421875
0 0.84765625 0.63125 0.0515625 0.025
0 0.1140625 0.61484375 0.05 0.02578125
1 0.23125 0.7921875 0.053125 0.0265625
1 0.2921875 0.79609375 0.0546875 0.025
1 0.353125 0.7984375 0.05390625 0.02578125
1 0.77578125 0.8328125 0.053125 0.025
1 0.775 0.8625 0.0515625 0.025
1 0.06328125 0.94375 0.04765625 0.0203125
0 0.1203125 0.94609375 0.05 0.021875
0 0.11875 0.97421875 0.0484375 0.0203125