0 0.0421875 0.6671875 0.0640625 0.046875
0 0.89296875 0.8203125 0.05625 0.0390625
0 0.2890625 0.46328125 0.065625 0.04375
0 0.04921875 0.6390625 0.059375 0.0375
0 0.8765625 0.4796875 0.0578125 0.040625
0 0.23828125 0.63671875 0.0640625 0.0390625
0 0.92265625 0.3140625 0.059375 0.0359375
0 0.45859375 0.1453125 0.065625 0.04375
0 0.6859375 0.45234375 0.065625 0.0453125
0 0.621875 0.0296875 0.0578125 0.0328125
0 0.709375 0.58515625 0.0671875 0.0453125
0 0.153125 0.70390625 0.0671875 0.04375
0 0.6328125 0.6265625 0.0640625 0.04375
0 0.9171875 0.33984375 0.065625 0.046875
1 0.46796875 0.7375 0.0640625 0.0421875