0 0.21328125 0.85 0.053125 0.0265625
0 0.21171875 0.9046875 0.05625 0.03125
0 0.746875 0.70234375 0.053125 0.028125
0 0.33125 0.8296875 0.05625 0.025
1 0.7078125 0.05234375 0.0546875 0.0296875
0 0.65234375 0.05 0.053125 0.01875
0 0.75703125 0.5296875 0.0546875 0.0234375
0 0.746875 0.67265625 0.0578125 0.0265625
0 0.559375 0.91875 0.05625 0.0328125
0 0.01875 0.9796875 0.0375 0.0296875
0 0.52421875 0.3453125 0.0625 0.025
0 0.10625 0.8703125 0.0578125 0.0328125
0 0.271875 0.9765625 0.0484375 0.0234375
0 0.7640625 0.034375 0.0546875 0.025
1 0.5640625 0.834375 0.059375 0.028125
1 0.50703125 0.8625 0.059375 0.034375
1 0.59140625 0.02578125 0.0578125 0.028125