0 0.89765625 0.3375 0.0640625 0.0421875
0 0.09375 0.696875 0.0609375 0.0375
0 0.090625 0.66875 0.0640625 0.0421875
0 0.51328125 0.6234375 0.0703125 0.046875
0 0.12734375 0.86640625 0.0546875 0.0359375
0 0.7796875 0.06875 0.0625 0.0390625
0 0.50703125 0.59453125 0.06875 0.0421875
0 0.47734375 0.78046875 0.0625 0.0453125
0 0.3546875 0.43515625 0.0671875 0.040625
0 0.5109375 0.2546875 0.065625 0.040625
0 0.0875 0.6390625 0.0578125 0.0359375
0 0.7828125 0.35703125 0.0609375 0.0375
0 0.0421875 0.353125 0.059375 0.0375
0 0.47578125 0.04765625 0.059375 0.0359375
0 0.50234375 0.56328125 0.0578125 0.0359375
0 0.7 0.25 0.0625 0.0390625
0 0.759375 0.575 0.06875 0.0421875
0 0.5953125 0.0484375 0.0609375 0.0390625
0 0.865625 0.19375 0.059375 0.0390625
0 0.68671875 0.52890625 0.0671875 0.0453125
0 0.1234375 0.83828125 0.0625 0.04375
0 0.50703125 0.228125 0.0640625 0.040625
0 0.85859375 0.16796875 0.059375 0.0359375
0 0.759375 0.01015625 0.0625 0.0203125
0 0.85390625 0.403125 0.0640625 0.0421875
0 0.32421875 0.6265625 0.0640625 0.0375
1 0.746875 0.9 0.0578125 0.0375
1 0.5078125 0.9453125 0.0625 0.04375
0 0.2703125 0.9546875 0.0578125 0.0390625
1 0.18984375 0.8859375 0.0578125 0.04375
0 0.4234375 0.81953125 0.0625 0.0421875
0 0.2671875 0.66640625 0.059375 0.0390625
0 0.44140625 0.5734375 0.0640625 0.04375
0 0.13671875 0.140625 0.053125 0.034375
1 0.1515625 0.271875 0.05625 0.0375
1 0.09453125 0.28515625 0.0546875 0.0390625
1 0.04140625 0.296875 0.0515625 0.034375
1 0.57265625 0.24296875 0.0640625 0.040625
1 0.56796875 0.2171875 0.0640625 0.04375
0 0.5890625 0.02578125 0.05625 0.03125
0 0.1921875 0.10546875 0.0546875 0.0328125