0 0.31328125 0.8953125 0.0625 0.0375
0 0.2375 0.2703125 0.0671875 0.0390625
0 0.22890625 0.23046875 0.0609375 0.0328125
0 0.02109375 0.35234375 0.0421875 0.0390625
0 0.77734375 0.31640625 0.065625 0.0375
0 0.04609375 0.0859375 0.0828125 0.040625
0 0.19921875 0.50625 0.0625 0.034375
0 0.07109375 0.3734375 0.0609375 0.0390625
0 0.20234375 0.5359375 0.059375 0.0328125
0 0.06015625 0.13046875 0.0765625 0.046875
0 0.08125 0.52109375 0.0625 0.0390625
0 0.18984375 0.8546875 0.0609375 0.0359375
0 0.63984375 0.8609375 0.0609375 0.03125
0 0.0515625 0.1078125 0.071875 0.0359375