0 0.6640625 0.63671875 0.059375 0.028125
0 0.52421875 0.7875 0.065625 0.0265625
0 0.32890625 0.7203125 0.0609375 0.0296875
0 0.8171875 0.20390625 0.065625 0.034375
0 0.39453125 0.753125 0.06875 0.03125
0 0.3625 0.21015625 0.0609375 0.0265625
0 0.07734375 0.73125 0.0578125 0.0328125
0 0.678125 0.34765625 0.059375 0.03125
0 0.61796875 0.34609375 0.0640625 0.0296875
0 0.9796875 0.0515625 0.040625 0.034375
0 0.36328125 0.17890625 0.0609375 0.0265625
0 0.52265625 0.81328125 0.0671875 0.028125
0 0.27109375 0.52578125 0.0671875 0.0328125
0 0.39609375 0.7234375 0.0640625 0.0296875
0 0.56171875 0.15625 0.0640625 0.03125
0 0.14296875 0.51953125 0.0640625 0.03125
0 0.50625 0.01484375 0.0625 0.0296875
1 0.74765625 0.3515625 0.0609375 0.03125
1 0.2140625 0.39296875 0.0609375 0.040625
1 0.40234375 0.59296875 0.059375 0.0390625
1 0.33671875 0.62265625 0.0625 0.0359375