0 0.1296875 0.40546875 0.0625 0.0453125
0 0.36328125 0.1671875 0.059375 0.0390625
0 0.3296875 0.86953125 0.0609375 0.040625
0 0.796875 0.39375 0.0640625 0.04375
0 0.34921875 0.1140625 0.05625 0.0375
0 0.790625 0.57578125 0.0640625 0.0375
0 0.24765625 0.171875 0.0625 0.040625
0 0.90859375 0.1921875 0.0609375 0.0421875
0 0.48515625 0.16171875 0.0625 0.0390625
0 0.23828125 0.146875 0.0625 0.0421875
0 0.91640625 0.21796875 0.0609375 0.0390625
0 0.628125 0.440625 0.0609375 0.040625
0 0.40859375 0.32265625 0.065625 0.046875
0 0.64140625 0.925 0.05625 0.0375
0 0.690625 0.24609375 0.059375 0.040625
0 0.428125 0.615625 0.059375 0.0359375
0 0.11484375 0.09140625 0.05625 0.0328125
0 0.95703125 0.3515625 0.0453125 0.0328125
0 0.69453125 0.88671875 0.05625 0.0328125
0 0.68203125 0.028125 0.05625 0.0375
0 0.6203125 0.41171875 0.065625 0.0453125
0 0.01171875 0.30703125 0.0234375 0.0359375
0 0.9671875 0.82734375 0.0546875 0.0390625