0 0.37109375 0.7796875 0.06875 0.0390625
0 0.815625 0.72734375 0.06875 0.0453125
0 0.284375 0.14140625 0.065625 0.040625
0 0.753125 0.74765625 0.0640625 0.0359375
0 0.48828125 0.82734375 0.0671875 0.0453125
0 0.51171875 0.68359375 0.0671875 0.0390625
0 0.4921875 0.7984375 0.0671875 0.0453125
0 0.48046875 0.88359375 0.0625 0.0359375
0 0.384375 0.69375 0.0609375 0.0328125
1 0.1703125 0.45 0.0578125 0.0375
0 0.1765625 0.41796875 0.0625 0.034375
0 0.29921875 0.4078125 0.0625 0.0390625
0 0.83671875 0.57890625 0.065625 0.0421875
0 0.7171875 0.5609375 0.065625 0.040625
0 0.7953125 0.98671875 0.065625 0.0265625
0 0.9515625 0.596875 0.0578125 0.034375
1 0.78359375 0.5125 0.0640625 0.0390625
1 0.4234375 0.84921875 0.0671875 0.04375
1 0.86484375 0.321875 0.0640625 0.0375
1 0.97890625 0.20703125 0.0421875 0.0296875
0 0.759375 0.18984375 0.05625 0.03125
0 0.75703125 0.215625 0.0546875 0.034375
0 0.590625 0.10859375 0.0578125 0.034375
0 0.04921875 0.459375 0.05 0.034375