0 0.82734375 0.7609375 0.04765625 0.0171875
0 0.2140625 0.4734375 0.04765625 0.01953125
0 0.11171875 0.471875 0.04609375 0.01953125
0 0.82578125 0.7828125 0.04765625 0.01875
0 0.21171875 0.49921875 0.04609375 0.01875
0 0.096875 0.05 0.0421875 0.01640625
0 0.4671875 0.6328125 0.0515625 0.02265625
0 0.4375 0.02421875 0.0421875 0.0203125
0 0.43671875 0.0703125 0.04765625 0.01953125
0 0.4859375 0.0703125 0.04296875 0.01953125
1 0.034375 0.21015625 0.040625 0.021875
1 0.28046875 0.1359375 0.04453125 0.021875
0 0.27890625 0.18359375 0.04453125 0.02109375
0 0.6921875 0.05390625 0.04453125 0.01875
0 0.47890625 0.28046875 0.0453125 0.021875
0 0.53046875 0.28125 0.046875 0.02109375
0 0.02421875 0.2765625 0.040625 0.01875
1 0.84375 0.31640625 0.04375 0.0234375
1 0.9828125 0.3234375 0.034375 0.021875
1 0.83984375 0.48671875 0.04609375 0.0234375
1 0.47109375 0.50625 0.04765625 0.025
1 0.0609375 0.42421875 0.0453125 0.02109375
1 0.15703125 0.64921875 0.04765625 0.0234375
1 0.51953125 0.66015625 0.04453125 0.02265625
1 0.93359375 0.6125 0.04453125 0.02265625
0 0.97265625 0.73671875 0.040625 0.01953125
0 0.05546875 0.72109375 0.0421875 0.02265625
1 0.0609375 0.859375 0.040625 0.01875
0 0.2078125 0.91015625 0.04453125 0.01875
1 0.61796875 0.88125 0.04375 0.01953125
1 0.7140625 0.92109375 0.04296875 0.01796875