0 0.1390625 0.303125 0.053125 0.021875
0 0.8015625 0.52421875 0.053125 0.0265625
0 0.575 0.64375 0.0546875 0.025
0 0.128125 0.01640625 0.0484375 0.028125
0 0.8078125 0.471875 0.0515625 0.0265625
1 0.91640625 0.2265625 0.0515625 0.028125
0 0.69921875 0.49140625 0.053125 0.025
0 0.0578125 0.759375 0.05625 0.028125
1 0.59765625 0.3 0.053125 0.0296875
1 0.76015625 0.33984375 0.0484375 0.0296875
1 0.8640625 0.371875 0.0515625 0.0296875
1 0.6484375 0.43515625 0.05 0.0265625
1 0.7015625 0.46796875 0.0515625 0.0296875
1 0.9625 0.45859375 0.053125 0.0328125
1 0.55859375 0.146875 0.0546875 0.03125
1 0.7703125 0.13828125 0.05625 0.034375
1 0.81796875 0.0734375 0.05 0.0296875
0 0.61640625 0.034375 0.0453125 0.0265625
1 0.6234375 0.753125 0.0484375 0.025
0 0.72578125 0.784375 0.05 0.03125