0 0.70859375 0.8953125 0.05625 0.0296875
0 0.4828125 0.4125 0.065625 0.0421875
0 0.825 0.54921875 0.059375 0.0359375
0 0.23359375 0.4109375 0.0640625 0.0390625
0 0.89140625 0.68515625 0.0578125 0.0328125
0 0.39921875 0.77421875 0.0625 0.03125
0 0.603125 0.3671875 0.0625 0.0359375
0 0.77734375 0.72734375 0.059375 0.0328125
1 0.5875 0.2234375 0.0609375 0.0390625
1 0.21640625 0.20859375 0.0609375 0.0390625
1 0.378125 0.578125 0.0625 0.04375
1 0.4984375 0.5625 0.065625 0.034375
1 0.53359375 0.87265625 0.059375 0.034375
1 0.3015625 0.92265625 0.0515625 0.0328125