0 0.7296875 0.503125 0.05859375 0.02578125
0 0.67734375 0.3203125 0.059375 0.02421875
0 0.28359375 0.846875 0.05546875 0.02265625
0 0.48984375 0.3140625 0.06328125 0.025
0 0.7984375 0.15625 0.05859375 0.02578125
0 0.67734375 0.29375 0.059375 0.02578125
0 0.4984375 0.09296875 0.0609375 0.0171875
0 0.4359375 0.1140625 0.05625 0.01953125
0 0.9125 0.4796875 0.05078125 0.02265625
0 0.35625 0.4625 0.05546875 0.025
0 0.7265625 0.6234375 0.05859375 0.02421875
0 0.54609375 0.4375 0.0578125 0.025
0 0.35 0.64453125 0.06171875 0.0265625
0 0.5375 0.68125 0.059375 0.02578125
0 0.36953125 0.228125 0.059375 0.02109375
0 0.4015625 0.9828125 0.0609375 0.02265625
0 0.79609375 0.325 0.0578125 0.02421875