0 0.8421875 0.434375 0.05625 0.034375
0 0.01953125 0.7375 0.0390625 0.034375
0 0.11015625 0.7890625 0.0578125 0.0359375
0 0.3046875 0.64921875 0.059375 0.034375
0 0.353125 0.15625 0.059375 0.0375
0 0.015625 0.78671875 0.03125 0.0390625
0 0.103125 0.81484375 0.0578125 0.0375
0 0.19609375 0.93046875 0.05625 0.0296875
0 0.35859375 0.6609375 0.059375 0.0375
0 0.909375 0.640625 0.0546875 0.0359375
0 0.03515625 0.584375 0.0578125 0.0421875
0 0.4125 0.14296875 0.0578125 0.0359375
0 0.140625 0.33046875 0.059375 0.0375
0 0.1546875 0.27890625 0.0546875 0.040625
0 0.4140625 0.38984375 0.0671875 0.0484375
0 0.6796875 0.91640625 0.0625 0.040625
1 0.77109375 0.7796875 0.0515625 0.0359375
1 0.915625 0.33828125 0.0546875 0.0375