0 0.725 0.54453125 0.0640625 0.040625
0 0.6359375 0.7125 0.065625 0.04375
0 0.36015625 0.115625 0.0609375 0.040625
0 0.4515625 0.6796875 0.0703125 0.0453125
0 0.7203125 0.8984375 0.065625 0.0421875
0 0.63046875 0.73828125 0.065625 0.0421875
0 0.4140625 0.89765625 0.0640625 0.0359375
0 0.35703125 0.8640625 0.059375 0.03125
0 0.89921875 0.60546875 0.0546875 0.0359375
0 0.3515625 0.50703125 0.0609375 0.0375
0 0.74765625 0.4265625 0.0671875 0.046875
0 0.53203125 0.57109375 0.0640625 0.0421875
0 0.38359375 0.32734375 0.0671875 0.040625
0 0.57421875 0.33046875 0.0671875 0.0453125
0 0.315625 0.7390625 0.065625 0.040625
0 0.50390625 0.0125 0.0640625 0.025
0 0.753125 0.7328125 0.0625 0.0390625