0 0.484375 0.25546875 0.0625 0.03125
0 0.34140625 0.45078125 0.065625 0.034375
0 0.11640625 0.2828125 0.0625 0.0375
0 0.46875 0.46328125 0.0671875 0.040625
0 0.70078125 0.69765625 0.0625 0.0328125
0 0.19453125 0.11796875 0.0625 0.040625
0 0.88359375 0.684375 0.0625 0.040625
0 0.6703125 0.94609375 0.0625 0.03125
0 0.78359375 0.99296875 0.0640625 0.0140625
0 0.89921875 0.5046875 0.0625 0.040625
0 0.53046875 0.49921875 0.065625 0.040625
0 0.78984375 0.3421875 0.0640625 0.0375
0 0.553125 0.9390625 0.059375 0.034375
0 0.603125 0.3234375 0.0640625 0.0375
0 0.71953125 0.45703125 0.0609375 0.0359375
0 0.853125 0.1546875 0.059375 0.034375
0 0.321875 0.75078125 0.0640625 0.0390625
0 0.915625 0.884375 0.05625 0.0375