0 0.27421875 0.540625 0.065625 0.04375
0 0.36015625 0.71015625 0.0671875 0.04375
0 0.64609375 0.11796875 0.0609375 0.0375
0 0.5453125 0.68046875 0.0671875 0.0375
0 0.27265625 0.89453125 0.0671875 0.04375
0 0.365625 0.7359375 0.0640625 0.0390625
0 0.57890625 0.89921875 0.0640625 0.034375
0 0.63671875 0.86640625 0.0609375 0.034375
0 0.09921875 0.5984375 0.0546875 0.034375
0 0.6484375 0.509375 0.0640625 0.0421875
0 0.25390625 0.421875 0.065625 0.04375
0 0.46640625 0.5703125 0.065625 0.04375
0 0.61953125 0.3296875 0.0671875 0.040625
0 0.42890625 0.32890625 0.065625 0.040625
0 0.6796875 0.7421875 0.065625 0.040625
0 0.50390625 0.0125 0.0640625 0.025
0 0.24296875 0.728125 0.0640625 0.0421875