0 0.2109375 0.43046875 0.0609375 0.0265625
0 0.97265625 0.5078125 0.053125 0.025
0 0.92265625 0.33125 0.05859375 0.02578125
0 0.6859375 0.121875 0.05625 0.02265625
0 0.7453125 0.321875 0.059375 0.0265625
0 0.6171875 0.46875 0.05859375 0.0265625
0 0.259375 0.97421875 0.0578125 0.0265625
0 0.74296875 0.1015625 0.0578125 0.01875
0 0.92109375 0.303125 0.05546875 0.02421875
0 0.6234375 0.31875 0.05859375 0.02578125
0 0.68515625 0.09765625 0.05390625 0.0203125
0 0.5375 0.8546875 0.05390625 0.02265625
0 0.2140625 0.4015625 0.0609375 0.02578125
0 0.6859375 0.146875 0.0578125 0.02265625