0 0.8265625 0.51484375 0.0671875 0.0453125
0 0.73828125 0.33828125 0.0671875 0.040625
0 0.803125 0.33125 0.0703125 0.0453125
0 0.578125 0.5828125 0.071875 0.0421875
0 0.60234375 0.78984375 0.06875 0.040625
0 0.8234375 0.48359375 0.06875 0.04375
0 0.5015625 0.046875 0.0625 0.0328125
0 0.79921875 0.30078125 0.06875 0.0421875
0 0.46875 0.753125 0.0640625 0.0375
0 0.59375 0.73671875 0.0625 0.034375
0 0.41875 0.3828125 0.0703125 0.0421875
0 0.725 0.74453125 0.0640625 0.0375
0 0.59765625 0.76328125 0.065625 0.0359375
1 0.50625 0.52890625 0.0640625 0.04375
1 0.4875 0.403125 0.0625 0.04375