0 0.23359375 0.6203125 0.05625 0.02421875
0 0.16875 0.7640625 0.059375 0.0234375
0 0.1828125 0.26015625 0.0609375 0.025
0 0.55546875 0.2953125 0.059375 0.02578125
0 0.084375 0.0671875 0.05546875 0.02109375
0 0.16875 0.7375 0.05859375 0.0234375
0 0.8046875 0.4828125 0.05625 0.02578125
0 0.5859375 0.9671875 0.0609375 0.01875
0 0.41875 0.625 0.0578125 0.02265625
0 0.1703125 0.79375 0.05859375 0.0234375
0 0.67734375 0.45 0.059375 0.02578125
0 0.7109375 0.98671875 0.05625 0.01875
0 0.23125 0.5625 0.0578125 0.02421875
0 0.171875 0.81953125 0.05625 0.0234375
0 0.66875 0.63046875 0.0578125 0.025
0 0.48671875 0.4140625 0.06171875 0.02421875
0 0.1828125 0.2890625 0.0578125 0.02265625
0 0.41875 0.5953125 0.059375 0.0265625
0 0.1828125 0.23125 0.059375 0.02578125
0 0.6046875 0.6578125 0.0546875 0.0234375
0 0.2453125 0.23125 0.0578125 0.025