0 0.4734375 0.0390625 0.05390625 0.01484375
0 0.41015625 0.1671875 0.0546875 0.01953125
0 0.8234375 0.54375 0.053125 0.02421875
0 0.821875 0.5140625 0.05390625 0.02109375
0 0.309375 0.0171875 0.05 0.01796875
1 0.7015625 0.04609375 0.0484375 0.01875
1 0.1203125 0.21953125 0.04921875 0.02109375
0 0.0671875 0.19453125 0.0484375 0.01953125
0 0.17109375 0.303125 0.04921875 0.0234375
1 0.40390625 0.3328125 0.05234375 0.0265625
1 0.6453125 0.3375 0.05625 0.02734375
1 0.40234375 0.3875 0.0546875 0.02265625
0 0.34140625 0.3875 0.05390625 0.02421875
0 0.15625 0.53125 0.0484375 0.025
0 0.04375 0.52890625 0.0484375 0.025
0 0.45234375 0.82734375 0.0546875 0.025
0 0.571875 0.8296875 0.05625 0.02578125