0 0.415625 0.2703125 0.0625 0.02578125
0 0.22734375 0.2109375 0.0625 0.0203125
0 0.83515625 0.95625 0.0609375 0.02421875
0 0.39609375 0.8125 0.06171875 0.02421875
0 0.27421875 0.4578125 0.059375 0.02578125
0 0.14140625 0.7390625 0.05859375 0.02578125
0 0.1375 0.64609375 0.0609375 0.0265625
0 0.68046875 0.2484375 0.06328125 0.025
0 0.14140625 0.76875 0.06171875 0.02578125
0 0.39765625 0.78125 0.059375 0.025
0 0.609375 0.46796875 0.0625 0.0265625
0 0.81640625 0.4421875 0.0609375 0.02890625
0 0.1453125 0.91484375 0.05625 0.025
0 0.353125 0.24140625 0.065625 0.025
0 0.35078125 0.26953125 0.0640625 0.025
0 0.0890625 0.98828125 0.0578125 0.0203125
1 0.41484375 0.36875 0.06484375 0.02890625
1 0.3453125 0.39921875 0.06640625 0.0296875
1 0.53671875 0.5953125 0.0640625 0.0328125
1 0.6671875 0.66328125 0.0625 0.02734375
1 0.26796875 0.97890625 0.06171875 0.0265625