0 0.17421875 0.74140625 0.0609375 0.028125
0 0.13984375 0.2125 0.0640625 0.03125
0 0.4328125 0.76015625 0.0671875 0.0296875
0 0.1421875 0.24375 0.0625 0.03125
3 0.0265625 0.05859375 0.053125 0.0265625
0 0.5828125 0.040625 0.0671875 0.0296875
0 0.50234375 0.7859375 0.0640625 0.028125
0 0.1015625 0.62109375 0.065625 0.0375
0 0.11796875 0.77109375 0.065625 0.0328125
0 0.97890625 0.35078125 0.0328125 0.028125
0 0.02578125 0.828125 0.03125 0.028125
0 0.27890625 0.4203125 0.0671875 0.0359375
0 0.03203125 0.56171875 0.05625 0.028125
1 0.40625 0.3453125 0.065625 0.0375
1 0.52578125 0.06875 0.0671875 0.03125
1 0.94375 0.06171875 0.05625 0.0296875