0 0.9453125 0.81875 0.05625 0.0296875
0 0.93515625 0.903125 0.0578125 0.0328125
0 0.559375 0.53359375 0.0625 0.0296875
0 0.9609375 0.70703125 0.0546875 0.034375
0 0.6671875 0.69140625 0.0625 0.028125
0 0.64765625 0.18828125 0.0609375 0.028125
0 0.684375 0.540625 0.065625 0.03125
0 0.93984375 0.84765625 0.05625 0.03125
0 0.52890625 0.12578125 0.0609375 0.03125
0 0.4515625 0.315625 0.0609375 0.0296875
0 0.52890625 0.17734375 0.059375 0.0328125
0 0.85078125 0.64375 0.0625 0.0359375
0 0.725 0.72578125 0.065625 0.0296875
1 0.01875 0.8390625 0.0375 0.034375
1 0.071875 0.81875 0.0515625 0.0265625
1 0.6984375 0.28203125 0.065625 0.0359375