0 0.534375 0.0578125 0.05625 0.02265625
0 0.178125 0.21015625 0.05546875 0.021875
0 0.09453125 0.66875 0.05625 0.02421875
0 0.7671875 0.0453125 0.0546875 0.021875
1 0.39375 0.65 0.05625 0.02734375
0 0.45703125 0.65 0.05859375 0.02421875
0 0.11015625 0.3234375 0.0546875 0.02109375
0 0.884375 0.3140625 0.05546875 0.02109375
0 0.41484375 0.18515625 0.0515625 0.021875
0 0.59296875 0.3875 0.05546875 0.02421875
1 0.221875 0.35078125 0.059375 0.0234375
0 0.7078125 0.5078125 0.05859375 0.025
0 0.70859375 0.5375 0.0578125 0.0203125
0 0.6015625 0.05859375 0.0484375 0.021875
0 0.871875 0.03203125 0.05546875 0.0234375
0 0.4640625 0.3546875 0.059375 0.02421875
1 0.2453125 0.13671875 0.0484375 0.0203125
1 0.4078125 0.2984375 0.05234375 0.025
0 0.6546875 0.30546875 0.053125 0.02421875
1 0.09296875 0.040625 0.04375 0.0171875
0 0.77265625 0.5390625 0.0546875 0.02734375
0 0.88515625 0.540625 0.05078125 0.0234375
0 0.79296875 0.9796875 0.05078125 0.02421875