0 0.23125 0.3703125 0.059375 0.02578125
0 0.965625 0.06015625 0.0515625 0.0234375
0 0.3015625 0.2234375 0.05859375 0.02421875
0 0.7796875 0.59375 0.05625 0.02421875
0 0.915625 0.359375 0.05625 0.02265625
0 0.55390625 0.0875 0.05859375 0.02421875
0 0.51875 0.9234375 0.05625 0.01953125
0 0.415625 0.4046875 0.0609375 0.02421875
0 0.61171875 0.2 0.05546875 0.025
0 0.34765625 0.584375 0.0609375 0.025
0 0.9671875 0.44921875 0.05390625 0.0265625
0 0.66875 0.38046875 0.0578125 0.025
0 0.671875 0.23125 0.05859375 0.02421875
0 0.6734375 0.203125 0.0546875 0.02578125
0 0.728125 0.4125 0.05859375 0.025
1 0.23046875 0.40078125 0.05546875 0.028125
0 0.846875 0.0234375 0.05390625 0.02265625
0 0.665625 0.41171875 0.0578125 0.025
0 0.7921875 0.0984375 0.053125 0.02578125
0 0.0125 0.36875 0.02421875 0.02578125
1 0.5265625 0.79140625 0.05390625 0.02421875
1 0.646875 0.79375 0.05078125 0.02421875
1 0.5875 0.79296875 0.0515625 0.02265625
0 0.778125 0.6234375 0.05390625 0.02578125
1 0.8359375 0.62265625 0.05390625 0.02578125
1 0.725 0.53515625 0.0546875 0.0296875
1 0.60234375 0.53125 0.0578125 0.028125
1 0.47421875 0.55859375 0.05625 0.02734375
1 0.2875 0.5234375 0.05625 0.02890625
1 0.35 0.55625 0.05859375 0.028125
0 0.17109375 0.93515625 0.05078125 0.02109375
0 0.68828125 0.94921875 0.05078125 0.0171875
0 0.48125 0.37578125 0.0578125 0.028125
0 0.7859375 0.4453125 0.05546875 0.02890625
0 0.665625 0.4421875 0.0546875 0.0265625
0 0.2921875 0.4328125 0.0578125 0.028125
0 0.29140625 0.43359375 0.05390625 0.02890625
1 0.6125 0.17265625 0.05390625 0.02578125
1 0.3125 0.05703125 0.05390625 0.025
1 0.08203125 0.0625 0.04921875 0.02265625
0 0.54296875 0.4078125 0.0578125 0.02734375
0 0.4125 0.528125 0.05625 0.0265625