0 0.74609375 0.13828125 0.059375 0.028125
0 0.7234375 0.76796875 0.0640625 0.0265625
0 0.72578125 0.80859375 0.0578125 0.0265625
0 0.96015625 0.72109375 0.059375 0.025
0 0.19765625 0.6375 0.0640625 0.034375
0 0.88359375 0.98046875 0.0796875 0.0265625
0 0.79765625 0.54140625 0.0609375 0.0328125
0 0.90390625 0.6921875 0.0578125 0.0328125
0 0.8 0.51171875 0.0578125 0.03125
0 0.8765625 0.934375 0.0703125 0.03125
0 0.9171875 0.54453125 0.059375 0.0328125
0 0.86171875 0.1984375 0.0578125 0.0265625
0 0.41796875 0.121875 0.059375 0.0265625
0 0.88203125 0.9578125 0.0703125 0.0265625