0 0.27109375 0.0390625 0.05546875 0.02265625
0 0.68515625 0.0453125 0.0578125 0.021875
0 0.6 0.84765625 0.059375 0.0203125
0 0.56796875 0.04296875 0.0515625 0.02265625
0 0.38984375 0.03828125 0.053125 0.02265625
0 0.1984375 0.23203125 0.05078125 0.02578125
0 0.440625 0.23359375 0.053125 0.0234375
1 0.68515625 0.32421875 0.05546875 0.0234375
1 0.371875 0.55625 0.05546875 0.0265625
1 0.659375 0.87421875 0.05 0.02109375
1 0.71796875 0.8734375 0.046875 0.01953125
1 0.93828125 0.8671875 0.03984375 0.0203125
0 0.59921875 0.89765625 0.0515625 0.01953125
0 0.190625 0.859375 0.0515625 0.021875