0 0.58984375 0.66015625 0.0625 0.0390625
0 0.41328125 0.95625 0.0609375 0.0328125
0 0.0328125 0.57421875 0.0640625 0.040625
0 0.11875 0.43515625 0.05625 0.0375
0 0.8 0.865625 0.05625 0.028125
0 0.15703125 0.56484375 0.065625 0.040625
0 0.79296875 0.89375 0.053125 0.028125
0 0.82265625 0.99375 0.0546875 0.0125
0 0.91171875 0.8765625 0.0546875 0.034375
0 0.625 0.8171875 0.0609375 0.0375
0 0.03671875 0.5453125 0.059375 0.0359375
0 0.6734375 0.51640625 0.0609375 0.0359375
0 0.9453125 0.23671875 0.0625 0.0390625