0 0.32109375 0.4984375 0.0578125 0.02421875
0 0.07890625 0.78203125 0.05859375 0.025
0 0.571875 0.6828125 0.0578125 0.02265625
0 0.50078125 0.88515625 0.0546875 0.0203125
0 0.071875 0.6984375 0.05546875 0.02421875
0 0.32109375 0.46875 0.06171875 0.025
0 0.1859375 0.703125 0.059375 0.02421875
0 0.20234375 0.4375 0.05625 0.02421875
0 0.634375 0.625 0.059375 0.02265625
0 0.70078125 0.4484375 0.0578125 0.0234375
0 0.2765625 0.178125 0.05546875 0.02109375
0 0.4953125 0.96171875 0.05546875 0.0203125
0 0.87421875 0.6296875 0.05 0.02265625
0 0.815625 0.6578125 0.05625 0.0234375
0 0.81328125 0.6875 0.05859375 0.02421875
0 0.571875 0.625 0.05546875 0.02421875
0 0.9125 0.8828125 0.05 0.02265625
0 0.075 0.66875 0.0578125 0.025
0 0.553125 0.9890625 0.05546875 0.01796875
0 0.978125 0.1796875 0.0421875 0.02578125
1 0.4015625 0.128125 0.053125 0.021875
1 0.6453125 0.16015625 0.0515625 0.021875
0 0.64375 0.11015625 0.05234375 0.021875
0 0.759375 0.11640625 0.05078125 0.02109375