0 0.07109375 0.4796875 0.0625 0.0375
0 0.9515625 0.49375 0.0625 0.0421875
0 0.9421875 0.5203125 0.0640625 0.040625
0 0.53984375 0.3828125 0.0703125 0.0453125
0 0.98125 0.325 0.0375 0.04375
0 0.0640625 0.77265625 0.059375 0.034375
0 0.53359375 0.41171875 0.071875 0.0484375
0 0.6390625 0.25546875 0.0625 0.04375
0 0.6046875 0.6203125 0.06875 0.046875
0 0.38671875 0.7171875 0.0640625 0.0375
0 0.93203125 0.5484375 0.0625 0.0453125
0 0.18359375 0.51015625 0.0640625 0.0453125
0 0.85234375 0.8265625 0.0578125 0.0359375
0 0.33046875 0.9203125 0.0578125 0.034375
0 0.525 0.44140625 0.059375 0.0375
0 0.21328125 0.6421875 0.0609375 0.0359375
0 0.29609375 0.32265625 0.06875 0.0421875
0 0.2234375 0.86875 0.0609375 0.0359375
0 0.0390625 0.62265625 0.059375 0.0375
0 0.34296875 0.39453125 0.0671875 0.0484375
0 0.9765625 0.35234375 0.046875 0.0390625
0 0.37890625 0.74375 0.0609375 0.0328125
0 0.03515625 0.64921875 0.0609375 0.0390625
0 0.0546875 0.84140625 0.0640625 0.040625
0 0.13828125 0.43828125 0.0640625 0.04375
0 0.71328125 0.459375 0.0671875 0.0453125
1 0.4453125 0.0328125 0.05625 0.0359375
1 0.68125 0.09296875 0.0609375 0.040625
0 0.90078125 0.18515625 0.0578125 0.0375
1 0.94453125 0.28125 0.0578125 0.0421875
0 0.7046875 0.2421875 0.0625 0.0421875
0 0.78125 0.44765625 0.0609375 0.04375
0 0.584375 0.45859375 0.065625 0.046875
0 0.67734375 0.9796875 0.0515625 0.03125
1 0.71953125 0.85390625 0.0578125 0.0421875
1 0.7765625 0.86640625 0.0546875 0.040625
1 0.8296875 0.87734375 0.053125 0.0375
1 0.32578125 0.70234375 0.0625 0.0390625
1 0.31953125 0.72734375 0.0625 0.0421875
0 0.21875 0.8921875 0.0578125 0.0359375
0 0.6109375 0.9859375 0.053125 0.028125