0 0.5078125 0.59140625 0.065625 0.034375
0 0.6625 0.36015625 0.0609375 0.028125
0 0.0796875 0.5578125 0.059375 0.0296875
0 0.79296875 0.22421875 0.0578125 0.03125
0 0.3125 0.07734375 0.0578125 0.0296875
0 0.790625 0.25234375 0.059375 0.034375
0 0.74140625 0.05546875 0.0578125 0.034375
0 0.7109375 0.4546875 0.0625 0.034375
0 0.9671875 0.08515625 0.0578125 0.0296875
0 0.85859375 0.06796875 0.0578125 0.034375
0 0.4203125 0.19375 0.059375 0.034375
0 0.4625 0.40390625 0.0625 0.034375
0 0.40078125 0.36953125 0.0578125 0.028125
0 0.415625 0.2234375 0.0609375 0.025
0 0.796875 0.11484375 0.0578125 0.0296875
0 0.9578125 0.3 0.0578125 0.03125
0 0.3953125 0.43203125 0.059375 0.034375
0 0.71640625 0.4234375 0.0640625 0.028125
0 0.028125 0.4953125 0.05625 0.03125
0 0.24296875 0.9046875 0.0578125 0.0296875
0 0.08203125 0.528125 0.0578125 0.03125
0 0.184375 0.921875 0.059375 0.0234375
0 0.47734375 0.90078125 0.0625 0.028125
0 0.61953125 0.015625 0.0578125 0.0234375
0 0.46171875 0.4359375 0.0578125 0.0296875
0 0.384375 0.5515625 0.065625 0.0328125
0 0.8484375 0.2890625 0.05625 0.034375
0 0.5515625 0.09140625 0.05625 0.028125
0 0.85234375 0.23046875 0.0578125 0.028125
1 0.08515625 0.04296875 0.0515625 0.03125
1 0.36015625 0.1609375 0.0546875 0.0296875
1 0.203125 0.5390625 0.0578125 0.034375
1 0.32734375 0.5171875 0.05625 0.034375
1 0.4515625 0.52890625 0.065625 0.040625
1 0.56796875 0.62734375 0.0640625 0.0359375
1 0.24921875 0.77421875 0.059375 0.0328125
1 0.31015625 0.77890625 0.053125 0.0296875
1 0.36875 0.78359375 0.0578125 0.0359375
0 0.95546875 0.815625 0.05 0.025