0 0.4828125 0.7921875 0.05859375 0.02109375
0 0.91796875 0.0859375 0.05625 0.0296875
0 0.128125 0.34453125 0.05546875 0.021875
0 0.21484375 0.0359375 0.0546875 0.0203125
0 0.33046875 0.0328125 0.0578125 0.0234375
0 0.1859375 0.43515625 0.05859375 0.0234375
0 0.60625 0.76484375 0.0578125 0.0203125
0 0.56953125 0.065625 0.05859375 0.02421875
0 0.91796875 0.06015625 0.0546875 0.0265625
0 0.5984375 0.903125 0.053125 0.01796875
0 0.45 0.03515625 0.059375 0.021875
0 0.09453125 0.0140625 0.053125 0.01953125
0 0.6203125 0.44296875 0.0609375 0.0265625
0 0.0171875 0.5796875 0.034375 0.0234375
0 0.49296875 0.5625 0.05546875 0.02421875
0 0.83359375 0.87421875 0.059375 0.0203125
0 0.50390625 0.17265625 0.05625 0.025
0 0.3734375 0.40625 0.05546875 0.025
1 0.54765625 0.73828125 0.05546875 0.02578125
1 0.26875 0.09140625 0.05234375 0.025
1 0.25625 0.228125 0.05625 0.02578125
1 0.43984375 0.26171875 0.05546875 0.0265625
0 0.03359375 0.0984375 0.0453125 0.02421875
0 0.74921875 0.0484375 0.0515625 0.02265625
0 0.62421875 0.38203125 0.059375 0.02890625