0 0.12421875 0.446875 0.05 0.01953125
0 0.4375 0.478125 0.0484375 0.0203125
0 0.12578125 0.49765625 0.04609375 0.021875
0 0.4359375 0.50390625 0.04765625 0.01875
0 0.65546875 0.025 0.05 0.01875
0 0.70390625 0.075 0.046875 0.01953125
1 0.69921875 0.51015625 0.04609375 0.021875
1 0.378125 0.65703125 0.05 0.0234375
1 0.74375 0.6640625 0.0453125 0.02265625
1 0.834375 0.88125 0.04140625 0.01875
1 0.91875 0.91875 0.0375 0.0171875
1 0.2703125 0.87421875 0.04765625 0.02109375
0 0.221875 0.8921875 0.04765625 0.01953125
0 0.075 0.88203125 0.04453125 0.01875
0 0.4234375 0.92265625 0.0453125 0.01953125
0 0.0703125 0.76640625 0.040625 0.01875
0 0.06953125 0.74453125 0.04375 0.0203125
0 0.26875 0.73125 0.04609375 0.021875
1 0.025 0.446875 0.04453125 0.02265625
1 0.27890625 0.42578125 0.04921875 0.021875
1 0.0828125 0.32265625 0.04375 0.02265625
1 0.18359375 0.3484375 0.04609375 0.02109375
0 0.70703125 0.28515625 0.0453125 0.021875
0 0.81171875 0.43515625 0.0453125 0.0234375
0 0.75703125 0.2875 0.04375 0.0234375
1 0.24296875 0.20390625 0.04765625 0.021875
1 0.146875 0.13125 0.04453125 0.021875
1 0.0984375 0.1328125 0.04375 0.021875
1 0.15703125 0.06640625 0.04375 0.01953125
1 0.1625 0.02109375 0.04375 0.02109375
0 0.1109375 0.0453125 0.040625 0.01875
0 0.1125 0.0234375 0.0421875 0.01796875
0 0.30546875 0.0421875 0.04453125 0.01953125
0 0.90390625 0.0890625 0.04296875 0.021875