0 0.5125 0.590625 0.0625 0.02265625
0 0.6546875 0.3515625 0.05859375 0.021875
0 0.08359375 0.5796875 0.0578125 0.02578125
0 0.778125 0.209375 0.05546875 0.02734375
0 0.290625 0.0875 0.05546875 0.02421875
0 0.77734375 0.2375 0.0546875 0.02421875
0 0.71796875 0.04375 0.05546875 0.02421875
0 0.70859375 0.44375 0.059375 0.025
0 0.94453125 0.0609375 0.0546875 0.02265625
0 0.83515625 0.05 0.0546875 0.025
0 0.4046875 0.1984375 0.05625 0.02578125
0 0.4578125 0.40625 0.059375 0.025
0 0.39375 0.375 0.0578125 0.0234375
0 0.4015625 0.228125 0.059375 0.021875
0 0.7765625 0.1 0.05625 0.02578125
0 0.946875 0.2765625 0.0546875 0.0265625
0 0.3921875 0.4375 0.05625 0.02421875
0 0.7125 0.4125 0.06171875 0.02578125
0 0.028125 0.5203125 0.05546875 0.0265625
0 0.26484375 0.9171875 0.05546875 0.02109375
0 0.084375 0.55 0.05625 0.02578125
0 0.20703125 0.9375 0.05859375 0.01796875
0 0.4984375 0.9015625 0.0609375 0.0203125
0 0.59453125 0.01015625 0.05390625 0.0203125
0 0.45859375 0.43828125 0.05546875 0.0234375
0 0.3875 0.5578125 0.06171875 0.02421875
0 0.83671875 0.27109375 0.0515625 0.025
0 0.53046875 0.0890625 0.0546875 0.02265625
0 0.8375 0.2125 0.05546875 0.0234375
1 0.06171875 0.065625 0.04921875 0.021875
1 0.065625 0.0140625 0.046875 0.021875
1 0.34296875 0.16875 0.05234375 0.025
1 0.20546875 0.5546875 0.05625 0.0265625
1 0.328125 0.5265625 0.05390625 0.0265625
1 0.453125 0.53125 0.0609375 0.02890625
1 0.57421875 0.6234375 0.06015625 0.028125
1 0.2640625 0.78671875 0.05546875 0.02421875
1 0.325 0.78828125 0.05078125 0.0234375
1 0.38359375 0.78984375 0.053125 0.02578125
0 0.97109375 0.79140625 0.04765625 0.021875