0 0.8171875 0.15078125 0.065625 0.0421875
0 0.58671875 0.5453125 0.0671875 0.0421875
0 0.3390625 0.63203125 0.0671875 0.0390625
0 0.57890625 0.5140625 0.06875 0.04375
0 0.2359375 0.10390625 0.0625 0.040625
0 0.3875 0.8375 0.0671875 0.0453125
0 0.37109375 0.78359375 0.0609375 0.0375
0 0.23828125 0.4640625 0.06875 0.046875
0 0.88125 0.16640625 0.05625 0.0359375
0 0.54140625 0.32890625 0.0703125 0.0453125
0 0.16953125 0.446875 0.0640625 0.040625
0 0.48359375 0.375 0.0734375 0.046875
0 0.5734375 0.79765625 0.0671875 0.0390625
0 0.50546875 0.78359375 0.065625 0.0359375
0 0.56640625 0.76875 0.0625 0.0359375
0 0.7484375 0.70078125 0.0671875 0.04375
0 0.16328125 0.41640625 0.0640625 0.040625
0 0.17734375 0.47734375 0.0671875 0.046875
0 0.4453125 0.19609375 0.06875 0.0421875
1 0.26015625 0.58671875 0.0671875 0.05
0 0.53359375 0.61953125 0.0625 0.0421875