0 0.16015625 0.4578125 0.0609375 0.025
0 0.60625 0.0953125 0.05546875 0.02109375
0 0.6046875 0.071875 0.0546875 0.01953125
0 0.66953125 0.41328125 0.0578125 0.0234375
0 0.41328125 0.3140625 0.059375 0.02421875
0 0.73125 0.44375 0.05625 0.025
0 0.59453125 0.5 0.059375 0.02421875
0 0.853125 0.4484375 0.0515625 0.0234375
0 0.790625 0.475 0.05546875 0.02421875
0 0.15703125 0.75625 0.059375 0.02578125
0 0.6984375 0.9328125 0.053125 0.02265625
0 0.90859375 0.45 0.0515625 0.0234375
0 0.60625 0.11953125 0.05625 0.021875
0 0.09765625 0.60625 0.0546875 0.025