0 0.2984375 0.8984375 0.0578125 0.0359375
0 0.515625 0.4125 0.065625 0.0390625
0 0.17578125 0.5546875 0.0609375 0.040625
0 0.76484375 0.40625 0.0625 0.0328125
0 0.11171875 0.69140625 0.05625 0.028125
0 0.60546875 0.77265625 0.0640625 0.0375
0 0.39453125 0.36875 0.065625 0.0421875
0 0.2265625 0.7328125 0.0609375 0.034375
1 0.4078125 0.225 0.0625 0.040625
1 0.77890625 0.20390625 0.0609375 0.0421875
1 0.62265625 0.57578125 0.0625 0.04375
1 0.50234375 0.5625 0.065625 0.0359375
1 0.4734375 0.87265625 0.059375 0.0328125
1 0.70625 0.91875 0.053125 0.0359375