0 0.46171875 0.83125 0.06171875 0.025
0 0.77421875 0.71875 0.05625 0.025
0 0.83125 0.28125 0.05625 0.025
0 0.46171875 0.8609375 0.05625 0.0234375
0 0.821875 0.859375 0.05625 0.021875
0 0.821875 0.83125 0.05546875 0.025
0 0.346875 0.475 0.05546875 0.02421875
0 0.35 0.446875 0.05546875 0.021875
0 0.83515625 0.48125 0.0546875 0.025
0 0.46953125 0.62578125 0.0578125 0.0234375
0 0.7796875 0.453125 0.05546875 0.0265625
1 0.525 0.83359375 0.0578125 0.0265625
1 0.5234375 0.8625 0.05703125 0.021875
0 0.64453125 0.8921875 0.0546875 0.02578125
0 0.7640625 0.88984375 0.05234375 0.025
0 0.33828125 0.8875 0.05625 0.0234375
0 0.5921875 0.6296875 0.0546875 0.0265625
0 0.596875 0.4796875 0.05390625 0.0265625
0 0.6578125 0.509375 0.05390625 0.02734375
0 0.5953125 0.509375 0.0578125 0.0265625
0 0.71953125 0.4515625 0.05546875 0.02734375