0 0.61640625 0.35859375 0.059375 0.0296875
0 0.49375 0.0359375 0.0609375 0.0328125
0 0.053125 0.34609375 0.0609375 0.03125
0 0.11328125 0.49765625 0.0515625 0.0265625
0 0.85859375 0.19140625 0.05625 0.0265625
0 0.1734375 0.3765625 0.0609375 0.0296875
0 0.85703125 0.1625 0.0515625 0.0234375
0 0.90546875 0.0609375 0.053125 0.028125
0 0.97109375 0.20078125 0.053125 0.028125
0 0.678125 0.20859375 0.0578125 0.028125
0 0.05234375 0.375 0.0578125 0.034375
0 0.6734375 0.5140625 0.059375 0.0296875
0 0.89296875 0.83671875 0.0609375 0.0359375