0 0.38046875 0.1078125 0.0578125 0.0359375
0 0.62109375 0.328125 0.059375 0.0390625
0 0.32265625 0.5484375 0.0625 0.0421875
0 0.49609375 0.10703125 0.0609375 0.034375
1 0.06796875 0.4015625 0.05625 0.040625
0 0.1265625 0.38671875 0.053125 0.0359375
0 0.503125 0.08046875 0.059375 0.0328125
0 0.26171875 0.11171875 0.0578125 0.0375
0 0.1328125 0.3578125 0.059375 0.040625
0 0.0703125 0.20546875 0.040625 0.0296875
0 0.6765625 0.34296875 0.059375 0.0375
0 0.3921875 0.05703125 0.053125 0.0328125
0 0.17890625 0.1984375 0.053125 0.03125
0 0.52265625 0.934375 0.0625 0.0421875