0 0.115625 0.73515625 0.05625 0.025
0 0.1171875 0.7625 0.05625 0.0234375
0 0.075 0.9640625 0.05390625 0.02109375
0 0.3640625 0.65234375 0.0546875 0.0234375
0 0.62578125 0.6 0.0625 0.02421875
0 0.4328125 0.4734375 0.05859375 0.0234375
0 0.4328125 0.44375 0.05859375 0.02578125
0 0.42734375 0.625 0.05546875 0.025
0 0.01640625 0.6125 0.03203125 0.025
0 0.35703125 0.96015625 0.0578125 0.01875
0 0.77421875 0.9859375 0.0578125 0.01953125
0 0.31328125 0.2921875 0.05546875 0.02421875
0 0.11796875 0.7890625 0.0578125 0.02421875
0 0.9296875 0.484375 0.053125 0.0234375
0 0.484375 0.9875 0.05625 0.01796875
0 0.18046875 0.61875 0.05390625 0.025
0 0.378125 0.23125 0.0578125 0.025
0 0.01328125 0.55625 0.0265625 0.02578125