0 0.60859375 0.64765625 0.0578125 0.025
0 0.46953125 0.96328125 0.0578125 0.0234375
0 0.0453125 0.63046875 0.05859375 0.0265625
0 0.1140625 0.48203125 0.05078125 0.0234375
0 0.8421875 0.8265625 0.05390625 0.02109375
0 0.1671875 0.60625 0.05859375 0.025
0 0.8390625 0.85546875 0.05078125 0.0203125
0 0.88203125 0.959375 0.05078125 0.01953125
0 0.9546875 0.8234375 0.05078125 0.02265625
0 0.6625 0.8 0.05625 0.025
0 0.04609375 0.6015625 0.05546875 0.025
0 0.67421875 0.4953125 0.0578125 0.02578125
0 0.91015625 0.184375 0.05625 0.025