0 0.61796875 0.07265625 0.0609375 0.0359375
0 0.2390625 0.15390625 0.0625 0.0390625
0 0.06953125 0.58828125 0.0640625 0.04375
0 0.84921875 0.1046875 0.0578125 0.0359375
1 0.3671875 0.62734375 0.0640625 0.0453125
0 0.42890625 0.6390625 0.0625 0.0375
0 0.15078125 0.25234375 0.0609375 0.0375
0 0.9125 0.390625 0.0609375 0.0359375
0 0.4765625 0.175 0.0546875 0.0328125
0 0.6125 0.40703125 0.0625 0.0421875
1 0.25546875 0.30078125 0.0625 0.034375
0 0.70234375 0.54765625 0.065625 0.0421875
0 0.69765625 0.5765625 0.0609375 0.0296875
0 0.68359375 0.0859375 0.053125 0.0359375
0 0.9546875 0.11171875 0.0625 0.040625
0 0.4921875 0.35078125 0.0640625 0.0375
1 0.31953125 0.09453125 0.053125 0.0359375
1 0.44765625 0.284375 0.05625 0.034375
0 0.6890625 0.33828125 0.0578125 0.0375
0 0.76015625 0.590625 0.059375 0.0390625
0 0.8703125 0.61328125 0.0546875 0.034375