0 0.76796875 0.1859375 0.0546875 0.0296875
0 0.38828125 0.34453125 0.065625 0.0234375
0 0.1359375 0.36875 0.059375 0.034375
0 0.24765625 0.61015625 0.0578125 0.0359375
0 0.24921875 0.58125 0.0609375 0.03125
0 0.13359375 0.3984375 0.0609375 0.034375
0 0.471875 0.03359375 0.0609375 0.0296875
0 0.8328125 0.9046875 0.0484375 0.0203125
0 0.590625 0.03984375 0.0578125 0.0265625
0 0.09453125 0.1921875 0.0484375 0.028125
0 0.71015625 0.04765625 0.0578125 0.0265625
0 0.15078125 0.19375 0.05625 0.0265625
0 0.8484375 0.77109375 0.0578125 0.028125
0 0.025 0.8921875 0.05 0.025
0 0.7234375 0.88203125 0.053125 0.021875
0 0.74921875 0.571875 0.059375 0.0328125
0 0.7265625 0.7984375 0.059375 0.025
0 0.3078125 0.6140625 0.0578125 0.0234375
0 0.8234375 0.11015625 0.05625 0.0234375
0 0.053125 0.08671875 0.0546875 0.0265625
0 0.60625 0.88046875 0.0578125 0.0296875
0 0.52109375 0.2015625 0.0578125 0.03125
0 0.128125 0.5453125 0.0578125 0.0265625
0 0.0234375 0.86875 0.046875 0.021875
0 0.8359375 0.88203125 0.053125 0.021875
1 0.87890625 0.396875 0.05625 0.03125
1 0.70390625 0.27265625 0.0578125 0.0375
0 0.45 0.409375 0.0578125 0.0296875
0 0.44765625 0.4390625 0.0578125 0.034375
0 0.13515625 0.428125 0.053125 0.0296875
0 0.19453125 0.4 0.0578125 0.03125
0 0.19609375 0.3703125 0.05625 0.034375
0 0.07734375 0.4265625 0.0484375 0.0265625
1 0.0703125 0.51484375 0.0578125 0.0296875
1 0.1875 0.5203125 0.059375 0.03125
1 0.7953125 0.74609375 0.0546875 0.03125
1 0.021875 0.76484375 0.04375 0.0328125
0 0.58359375 0.20625 0.0578125 0.03125
0 0.31953125 0.34296875 0.059375 0.034375
0 0.3171875 0.4046875 0.059375 0.034375
0 0.45703125 0.259375 0.0546875 0.0296875
1 0.528125 0.09296875 0.0578125 0.034375
0 0.2796875 0.08671875 0.053125 0.0265625