0 0.67421875 0.45859375 0.0625 0.0375
0 0.9703125 0.6796875 0.059375 0.04375
0 0.47109375 0.69453125 0.0625 0.040625
0 0.5859375 0.87578125 0.0609375 0.040625
0 0.96171875 0.596875 0.0625 0.040625
0 0.6671875 0.4296875 0.06875 0.0453125
0 0.8515625 0.62734375 0.065625 0.04375
0 0.77578125 0.371875 0.0625 0.040625
0 0.396875 0.65234375 0.0640625 0.0375
0 0.29296875 0.4953125 0.0609375 0.0359375
0 0.6453125 0.1359375 0.0609375 0.0375
0 0.60859375 0.94921875 0.059375 0.034375
0 0.16484375 0.71015625 0.0546875 0.0375
0 0.228125 0.725 0.059375 0.034375
0 0.23671875 0.753125 0.065625 0.0453125
0 0.4578125 0.63828125 0.0640625 0.0453125
0 0.184375 0.965625 0.053125 0.034375
0 0.95234375 0.56875 0.065625 0.0453125
0 0.55859375 0.984375 0.0609375 0.03125
1 0.5125 0.115625 0.059375 0.0375
1 0.28203125 0.2015625 0.059375 0.040625
0 0.271875 0.15234375 0.059375 0.0390625
0 0.1609375 0.184375 0.05625 0.0375