0 0.734375 0.30234375 0.0578125 0.0328125
0 0.42578125 0.77890625 0.0671875 0.04375
0 0.046875 0.871875 0.059375 0.0359375
0 0.1078125 0.8625 0.0625 0.04375
0 0.49140625 0.79375 0.0609375 0.0390625
0 0.05 0.846875 0.0609375 0.0390625
0 0.66171875 0.61875 0.0625 0.040625
0 0.553125 0.990625 0.0625 0.01875
0 0.53515625 0.86171875 0.0609375 0.0359375
0 0.98984375 0.18828125 0.0203125 0.0328125
0 0.02265625 0.7015625 0.0453125 0.04375
0 0.24296875 0.76328125 0.0640625 0.04375
0 0.6828125 0.26171875 0.0609375 0.034375