0 0.10625 0.45390625 0.0609375 0.028125
1 0.89296875 0.6640625 0.06015625 0.02890625
0 0.95 0.63046875 0.059375 0.0265625
0 0.1640625 0.64375 0.0640625 0.02734375
0 0.25078125 0.2109375 0.06328125 0.02265625
0 0.36171875 0.94765625 0.06171875 0.0234375
0 0.63984375 0.434375 0.06328125 0.02734375
0 0.1703125 0.55 0.0578125 0.025
0 0.3875 0.2109375 0.0625 0.025
0 0.58046875 0.24375 0.06171875 0.02421875
1 0.509375 0.43203125 0.06640625 0.03046875
0 0.915625 0.91953125 0.05546875 0.0234375
1 0.12109375 0.26796875 0.05625 0.02578125
0 0.1828125 0.2375 0.0609375 0.02421875
0 0.9140625 0.9453125 0.053125 0.02265625
0 0.76640625 0.6296875 0.06171875 0.02421875
1 0.04609375 0.57890625 0.06015625 0.03046875
1 0.3109375 0.428125 0.059375 0.0328125
1 0.30234375 0.91640625 0.05859375 0.03046875