1 0.30546875 0.90625 0.05625 0.025
1 0.190625 0.92421875 0.05625 0.025
0 0.75703125 0.25 0.059375 0.0296875
0 0.07421875 0.7609375 0.05625 0.0265625
0 0.128125 0.62265625 0.0578125 0.028125
1 0.62421875 0.27421875 0.0625 0.0265625
0 0.8109375 0.45625 0.059375 0.034375
1 0.91171875 0.7484375 0.05625 0.0296875
1 0.67109375 0.75234375 0.0546875 0.03125
1 0.73515625 0.80390625 0.0546875 0.0265625
1 0.74609375 0.60625 0.053125 0.0296875
1 0.13828125 0.21171875 0.053125 0.025
1 0.03828125 0.109375 0.05 0.0234375