0 0.234375 0.1765625 0.0515625 0.0296875
0 0.77421875 0.58515625 0.053125 0.0359375
0 0.87421875 0.60859375 0.0484375 0.0296875
0 0.23984375 0.15546875 0.053125 0.0328125
0 0.78203125 0.5609375 0.0484375 0.028125
0 0.559375 0.3765625 0.05625 0.034375
0 0.4625 0.978125 0.0484375 0.034375
0 0.47265625 0.93359375 0.0515625 0.0296875
0 0.42421875 0.9234375 0.0484375 0.03125
1 0.8953125 0.88046875 0.0453125 0.03125
1 0.6390625 0.9015625 0.05 0.034375
0 0.65078125 0.85546875 0.0515625 0.0359375
0 0.21953125 0.89609375 0.05 0.034375
0 0.475 0.71875 0.05 0.0328125
0 0.425 0.7078125 0.053125 0.034375
0 0.91875 0.8171875 0.046875 0.03125
1 0.12578125 0.6078125 0.05 0.0359375
1 0.00546875 0.57265625 0.0109375 0.0296875
1 0.16484375 0.4421875 0.0515625 0.0375
1 0.5296875 0.5 0.053125 0.0359375
1 0.9140625 0.665625 0.05 0.0296875
1 0.86640625 0.425 0.053125 0.0359375
1 0.5140625 0.3390625 0.05 0.0328125
1 0.09921875 0.3 0.0484375 0.03125
0 0.08671875 0.1703125 0.0453125 0.03125
0 0.978125 0.375 0.04375 0.034375
1 0.990625 0.23984375 0.01875 0.0265625
0 0.87109375 0.159375 0.05 0.0328125
1 0.4640625 0.10234375 0.046875 0.028125
1 0.378125 0.04375 0.0484375 0.0328125