0 0.66796875 0.3203125 0.05625 0.02578125
0 0.4859375 0.1171875 0.0609375 0.0203125
0 0.30625 0.1390625 0.0578125 0.02109375
0 0.8421875 0.08515625 0.0546875 0.0203125
0 0.84296875 0.1078125 0.05546875 0.02109375
0 0.21953125 0.61015625 0.0578125 0.025
0 0.40859375 0.4640625 0.0578125 0.025
0 0.5375 0.4375 0.059375 0.02421875
0 0.421875 0.2296875 0.0546875 0.0203125
0 0.921875 0.928125 0.05078125 0.021875
0 0.29609375 0.25546875 0.059375 0.0234375
0 0.53046875 0.5875 0.06171875 0.02421875
0 0.2171875 0.490625 0.05859375 0.025
0 0.290625 0.3109375 0.05625 0.02109375
0 0.17421875 0.28125 0.0578125 0.02421875
0 0.17109375 0.3078125 0.0578125 0.02265625
0 0.0265625 0.09453125 0.053125 0.0203125
0 0.84296875 0.50625 0.05546875 0.025
0 0.28203125 0.4609375 0.05859375 0.025
0 0.0375 0.6625 0.04765625 0.02421875
0 0.865625 0.95703125 0.0515625 0.0234375