0 0.1078125 0.49375 0.05859375 0.02421875
0 0.846875 0.4546875 0.05390625 0.02265625
0 0.95859375 0.62890625 0.05390625 0.021875
0 0.109375 0.46640625 0.05859375 0.021875
0 0.94140625 0.85546875 0.0546875 0.0203125
0 0.34453125 0.9859375 0.0546875 0.02265625
0 0.9078125 0.51328125 0.0515625 0.0234375
0 0.9671875 0.5125 0.05546875 0.02265625
0 0.90703125 0.33671875 0.05390625 0.0203125
0 0.46796875 0.85625 0.0546875 0.025
0 0.22578125 0.525 0.0609375 0.02421875
0 0.48359375 0.44375 0.05546875 0.025
0 0.60078125 0.6859375 0.05859375 0.02421875
0 0.94140625 0.8265625 0.053125 0.02109375
0 0.28671875 0.87890625 0.05546875 0.021875
0 0.9078125 0.484375 0.0515625 0.02265625
1 0.43515625 0.1546875 0.053125 0.0234375
1 0.7890625 0.16640625 0.05234375 0.02421875
1 0.471875 0.79921875 0.05625 0.0265625
1 0.5328125 0.80078125 0.0578125 0.0265625
1 0.59375 0.803125 0.05625 0.0265625
1 0.2875 0.95703125 0.05234375 0.02578125