0 0.16171875 0.7234375 0.0609375 0.03125
0 0.15546875 0.19375 0.0625 0.0265625
0 0.41875 0.75625 0.065625 0.0265625
0 0.15625 0.225 0.0625 0.034375
3 0.0484375 0.034375 0.05625 0.028125
0 0.60625 0.0453125 0.065625 0.0265625
0 0.4875 0.7859375 0.0625 0.0234375
0 0.09609375 0.6 0.0625 0.028125
0 0.10390625 0.75078125 0.0640625 0.03125
0 0.98359375 0.37578125 0.0328125 0.0296875
0 0.01171875 0.803125 0.0234375 0.028125
0 0.28359375 0.40859375 0.065625 0.0359375
0 0.0296875 0.5375 0.05625 0.028125
1 0.41484375 0.340625 0.0671875 0.0375
1 0.5484375 0.0703125 0.0671875 0.034375
1 0.965625 0.08515625 0.0578125 0.0359375