0 0.1125 0.5609375 0.065625 0.0421875
0 0.85 0.496875 0.0578125 0.0328125
0 0.9359375 0.30859375 0.059375 0.0359375
0 0.11796875 0.5875 0.0609375 0.0296875
0 0.8875 0.08671875 0.0578125 0.0328125
0 0.278125 0.040625 0.059375 0.034375
0 0.90234375 0.43046875 0.05625 0.034375
0 0.9609375 0.42265625 0.059375 0.034375
0 0.92578125 0.6046875 0.0578125 0.0328125
0 0.41875 0.1515625 0.0609375 0.0390625
0 0.225 0.51328125 0.065625 0.0375
0 0.49140625 0.5578125 0.0609375 0.0390625
0 0.57421875 0.3015625 0.0625 0.0375
0 0.89140625 0.11484375 0.0578125 0.0328125
0 0.2359375 0.1546875 0.059375 0.0359375
0 0.90625 0.45859375 0.0546875 0.0296875
1 0.48359375 0.85078125 0.05625 0.0328125
1 0.8328125 0.78984375 0.0578125 0.0359375
1 0.43046875 0.2078125 0.0625 0.040625
1 0.490625 0.19765625 0.0625 0.0359375
1 0.55078125 0.18671875 0.0609375 0.0359375
1 0.22578125 0.07734375 0.0578125 0.0390625