0 0.665625 0.93203125 0.0609375 0.028125
0 0.425 0.934375 0.059375 0.0234375
0 0.1890625 0.95703125 0.0578125 0.03125
0 0.590625 0.1234375 0.05625 0.021875
0 0.2375 0.8234375 0.05625 0.028125
0 0.30546875 0.93359375 0.0609375 0.0296875
0 0.078125 0.95 0.0546875 0.0296875
0 0.66640625 0.9578125 0.059375 0.0328125
0 0.35234375 0.56015625 0.0625 0.0265625
0 0.0625 0.73203125 0.053125 0.0296875
0 0.353125 0.09921875 0.05625 0.021875
0 0.228125 0.4375 0.059375 0.0328125
0 0.23203125 0.2109375 0.05625 0.028125
0 0.23515625 0.12578125 0.05625 0.0234375
0 0.48515625 0.96015625 0.053125 0.0265625
0 0.3046875 0.90390625 0.05625 0.028125
0 0.021875 0.89140625 0.04375 0.0265625