1 0.7015625 0.903125 0.0578125 0.028125
1 0.81640625 0.91875 0.05625 0.021875
0 0.23828125 0.2546875 0.059375 0.03125
0 0.93046875 0.753125 0.05625 0.0296875
0 0.87421875 0.61640625 0.0578125 0.0265625
1 0.371875 0.2765625 0.0625 0.034375
0 0.18828125 0.46171875 0.0578125 0.03125
1 0.09296875 0.75546875 0.05625 0.0296875
1 0.33359375 0.75546875 0.0546875 0.028125
1 0.2703125 0.8078125 0.05625 0.0296875
1 0.25546875 0.61015625 0.053125 0.028125
1 0.85625 0.20546875 0.0546875 0.028125
1 0.9546875 0.1015625 0.05 0.0234375