0 0.9578125 0.3328125 0.0640625 0.046875
0 0.10703125 0.1796875 0.059375 0.04375
0 0.7109375 0.53671875 0.0671875 0.046875
0 0.95078125 0.3609375 0.0609375 0.040625
0 0.1234375 0.5203125 0.05625 0.0359375
0 0.76171875 0.36328125 0.0671875 0.0453125
0 0.07734375 0.6859375 0.0640625 0.0421875
0 0.54140625 0.8546875 0.065625 0.0453125
0 0.3140625 0.54765625 0.065625 0.04375
0 0.378125 0.9703125 0.0609375 0.0390625
0 0.290625 0.41484375 0.0671875 0.046875
0 0.846875 0.29609375 0.065625 0.040625
0 0.3671875 0.3734375 0.0609375 0.0390625
0 0.0828125 0.66015625 0.065625 0.0453125
1 0.53203125 0.2625 0.0625 0.040625