0 0.6765625 0.471875 0.0640625 0.0265625
0 0.2140625 0.646875 0.06171875 0.0296875
0 0.88203125 0.9453125 0.0546875 0.02109375
0 0.9234375 0.41875 0.0625 0.025
0 0.67578125 0.440625 0.0640625 0.02734375
0 0.3390625 0.7734375 0.065625 0.0265625
0 0.66484375 0.6609375 0.06171875 0.02578125
0 0.73359375 0.63046875 0.0625 0.0265625
0 0.55546875 0.25 0.06171875 0.0234375
0 0.1546875 0.984375 0.059375 0.02734375
0 0.74375 0.23125 0.0578125 0.02421875
1 0.734375 0.5703125 0.0625 0.03125
1 0.97578125 0.60703125 0.04453125 0.0296875
1 0.159375 0.43046875 0.06171875 0.03046875