0 0.83671875 0.31875 0.05390625 0.02421875
0 0.55234375 0.14375 0.05390625 0.02578125
0 0.7546875 0.8171875 0.0546875 0.02109375
0 0.1859375 0.46875 0.05625 0.02421875
0 0.553125 0.0890625 0.05078125 0.021875
0 0.2359375 0.64375 0.05859375 0.0203125
0 0.665625 0.1203125 0.05546875 0.02265625
0 0.02890625 0.3 0.05390625 0.0234375
0 0.4328125 0.16796875 0.05625 0.0234375
0 0.66875 0.09375 0.05546875 0.02421875
0 0.028125 0.328125 0.0546875 0.02109375
0 0.3609375 0.4734375 0.0546875 0.02109375
0 0.54609375 0.30546875 0.0578125 0.025
0 0.465625 0.946875 0.05 0.0203125
0 0.25390625 0.3 0.053125 0.02421875
0 0.59765625 0.59453125 0.0546875 0.0234375
0 0.77578125 0.009375 0.0515625 0.01796875
0 0.0203125 0.4671875 0.040625 0.021875
0 0.4046875 0.92265625 0.0546875 0.0203125
0 0.209375 0.0859375 0.0515625 0.0203125
0 0.36171875 0.44375 0.0578125 0.025
0 0.94140625 0.1921875 0.0484375 0.02265625
0 0.12578125 0.93046875 0.04765625 0.0203125