0 0.54765625 0.7890625 0.0609375 0.028125
0 0.04140625 0.13203125 0.059375 0.034375
0 0.85390625 0.30625 0.059375 0.0328125
0 0.734375 0.0125 0.059375 0.025
0 0.61953125 0.01796875 0.0625 0.0359375
0 0.80546875 0.40234375 0.0625 0.0328125
0 0.421875 0.77421875 0.059375 0.028125
0 0.38515625 0.075 0.0609375 0.0328125
0 0.03828125 0.10625 0.0609375 0.040625
0 0.44453125 0.9109375 0.05625 0.0296875
0 0.50078125 0.0328125 0.0640625 0.034375
0 0.37421875 0.45546875 0.0640625 0.0359375
0 0.98515625 0.52890625 0.0296875 0.0265625
0 0.51328125 0.56171875 0.059375 0.0359375
0 0.20703125 0.90703125 0.0609375 0.0265625
0 0.46171875 0.175 0.0578125 0.03125
0 0.61640625 0.39375 0.0609375 0.0375
1 0.47734375 0.7421875 0.0578125 0.0328125
1 0.6875 0.06953125 0.05625 0.0328125
1 0.7140625 0.20390625 0.0625 0.0390625
1 0.53515625 0.25703125 0.0578125 0.034375
0 0.921875 0.0515625 0.0484375 0.0296875
0 0.2046875 0.07734375 0.053125 0.028125
0 0.3640625 0.3953125 0.065625 0.04375