0 0.721875 0.10546875 0.0578125 0.0359375
0 0.71328125 0.0515625 0.059375 0.0375
0 0.221875 0.34375 0.0546875 0.0328125
0 0.60859375 0.14609375 0.059375 0.0328125
1 0.3734375 0.9765625 0.059375 0.040625
0 0.428125 0.96953125 0.05625 0.03125
0 0.24140625 0.515625 0.059375 0.034375
0 0.2265625 0.37265625 0.0609375 0.034375
0 0.36875 0.09765625 0.05625 0.0328125
0 0.503125 0.65625 0.06875 0.0390625
0 0.8234375 0.0671875 0.059375 0.034375
0 0.6421875 0.003125 0.05 0.00625
0 0.32109375 0.99375 0.0578125 0.0125
1 0.37890625 0.18203125 0.0640625 0.040625
1 0.43046875 0.14453125 0.0625 0.0390625
1 0.4921875 0.98125 0.0625 0.0375