0 0.78359375 0.9296875 0.059375 0.0375
0 0.371875 0.97421875 0.0609375 0.0328125
0 0.35859375 0.1671875 0.0609375 0.0296875
0 0.48828125 0.96171875 0.0546875 0.0296875
0 0.665625 0.94453125 0.05625 0.0328125
0 0.83203125 0.72890625 0.05625 0.0390625
0 0.59140625 0.75703125 0.059375 0.0375
1 0.3375 0.696875 0.059375 0.0375
1 0.6203125 0.42890625 0.059375 0.0328125
1 0.29609375 0.14765625 0.0546875 0.034375
1 0.23828125 0.15625 0.05 0.028125
1 0.02109375 0.18828125 0.0421875 0.0296875
0 0.353125 0.1171875 0.05625 0.03125
0 0.76328125 0.10546875 0.0546875 0.03125