0 0.64921875 0.6671875 0.034375 0.0453125
0 0.6859375 0.66640625 0.03046875 0.04453125
0 0.93984375 0.7125 0.03046875 0.0421875
0 0.86953125 0.66640625 0.0296875 0.0421875
0 0.4953125 0.71640625 0.03125 0.04296875
0 0.20625 0.8453125 0.0265625 0.040625
0 0.38671875 0.9390625 0.028125 0.03828125
0 0.6734375 0.94375 0.02890625 0.03828125
0 0.72265625 0.7171875 0.03203125 0.04453125
0 0.16796875 0.75234375 0.03359375 0.04453125
0 0.04921875 0.9625 0.028125 0.0375
1 0.93125 0.80546875 0.0328125 0.04296875