0 0.89140625 0.4796875 0.0625 0.0328125
0 0.1515625 0.4671875 0.05625 0.0296875
0 0.04609375 0.64453125 0.05625 0.028125
0 0.8890625 0.453125 0.0609375 0.0265625
0 0.07109375 0.8703125 0.0546875 0.021875
0 0.67265625 0.98046875 0.05625 0.025
0 0.09296875 0.52734375 0.0546875 0.03125
0 0.03359375 0.52890625 0.05625 0.025
0 0.0875 0.35078125 0.05625 0.0265625
0 0.54453125 0.8546875 0.05625 0.0296875
0 0.775 0.515625 0.0640625 0.034375
0 0.5140625 0.44296875 0.0578125 0.0328125
0 0.40546875 0.6890625 0.0609375 0.034375
0 0.0703125 0.84140625 0.05625 0.03125
0 0.7265625 0.87109375 0.0578125 0.028125
0 0.0921875 0.4984375 0.053125 0.0234375
1 0.553125 0.15234375 0.0546875 0.0265625
1 0.19921875 0.1765625 0.05625 0.03125
1 0.53828125 0.7984375 0.0578125 0.03125
1 0.47734375 0.8015625 0.0625 0.0375
1 0.4171875 0.80625 0.059375 0.0359375
1 0.728125 0.94921875 0.05625 0.0359375