0 0.7625 0.18125 0.05390625 0.025
0 0.3859375 0.346875 0.0640625 0.02265625
0 0.13359375 0.375 0.05625 0.025
0 0.25 0.61484375 0.0546875 0.0265625
0 0.25078125 0.5859375 0.059375 0.02421875
0 0.13203125 0.4046875 0.05859375 0.02421875
0 0.4640625 0.034375 0.0578125 0.021875
0 0.83984375 0.8984375 0.0484375 0.01796875
0 0.5828125 0.03828125 0.05625 0.0234375
0 0.0890625 0.19921875 0.0484375 0.025
0 0.70234375 0.04375 0.05859375 0.02421875
0 0.1453125 0.2 0.05625 0.025
0 0.853125 0.76484375 0.05546875 0.0203125
0 0.0296875 0.90078125 0.0546875 0.0203125
0 0.7296875 0.878125 0.0515625 0.0203125
0 0.75078125 0.5671875 0.0578125 0.02421875
0 0.73203125 0.79453125 0.0578125 0.0203125
0 0.31015625 0.6171875 0.0578125 0.02265625
0 0.81640625 0.1046875 0.05625 0.02265625
0 0.04609375 0.09453125 0.05390625 0.025
0 0.6125 0.87890625 0.05546875 0.0203125
0 0.515625 0.2015625 0.05625 0.02421875
0 0.12890625 0.5515625 0.05859375 0.02421875
0 0.0265625 0.87734375 0.053125 0.0203125
0 0.8421875 0.87578125 0.053125 0.0203125
1 0.87734375 0.390625 0.05546875 0.02578125
1 0.7 0.26875 0.05390625 0.02734375
0 0.4484375 0.41015625 0.05625 0.0265625
0 0.446875 0.43984375 0.05703125 0.02890625
0 0.13359375 0.434375 0.05234375 0.02734375
0 0.19296875 0.40546875 0.05546875 0.025
0 0.19375 0.37578125 0.05390625 0.02578125
0 0.07578125 0.43359375 0.0484375 0.02578125
1 0.0703125 0.52265625 0.05546875 0.02578125
1 0.18828125 0.52578125 0.05703125 0.02734375
1 0.79921875 0.740625 0.05078125 0.0234375
1 0.025 0.7734375 0.04453125 0.025
0 0.578125 0.2046875 0.05546875 0.02578125
0 0.3171875 0.34609375 0.05546875 0.02578125
0 0.315625 0.4078125 0.05546875 0.02578125
0 0.453125 0.26015625 0.053125 0.0265625
1 0.52109375 0.0921875 0.05390625 0.0265625
0 0.27265625 0.090625 0.05078125 0.021875