0 0.3015625 0.14140625 0.05390625 0.0203125
0 0.5828125 0.30703125 0.0546875 0.0234375
0 0.33671875 0.584375 0.05625 0.02109375
0 0.41484375 0.11640625 0.05625 0.01875
1 0.05703125 0.49375 0.04921875 0.02578125
0 0.1109375 0.4671875 0.0484375 0.0203125
0 0.415625 0.0890625 0.0546875 0.02109375
0 0.1859375 0.16953125 0.05390625 0.0234375
0 0.1109375 0.4375 0.053125 0.02109375
0 0.01875 0.3015625 0.0375 0.02109375
0 0.63984375 0.309375 0.05390625 0.02421875
0 0.30234375 0.0890625 0.04765625 0.01953125
0 0.1234375 0.271875 0.05078125 0.02109375
0 0.6125 0.9203125 0.05703125 0.02578125