0 0.578125 0.79765625 0.0625 0.021875
0 0.15 0.66875 0.06171875 0.02578125
0 0.77421875 0.184375 0.059375 0.02265625
0 0.2078125 0.7 0.0609375 0.02578125
0 0.4546875 0.82421875 0.059375 0.0265625
0 0.45625 0.67890625 0.06171875 0.0265625
0 0.45546875 0.7953125 0.059375 0.02734375
0 0.45234375 0.88125 0.059375 0.02578125
0 0.58046875 0.7109375 0.0578125 0.02109375
1 0.83359375 0.5078125 0.053125 0.0265625
0 0.8328125 0.47578125 0.05859375 0.0234375
0 0.7140625 0.44375 0.05546875 0.02421875
0 0.1546875 0.51953125 0.0578125 0.0265625
0 0.27578125 0.52265625 0.059375 0.0265625
0 0.1234375 0.9359375 0.0609375 0.02265625
0 0.03828125 0.5171875 0.0546875 0.02421875
1 0.21875 0.46328125 0.059375 0.028125
1 0.51484375 0.85703125 0.06015625 0.0296875
1 0.171875 0.2609375 0.05859375 0.025
1 0.0234375 0.1296875 0.04296875 0.021875
1 0.075 0.12734375 0.04765625 0.01875
0 0.2984375 0.14921875 0.0515625 0.02109375
0 0.29609375 0.175 0.05 0.02265625
0 0.47890625 0.09921875 0.053125 0.01953125
0 0.95078125 0.53828125 0.04453125 0.0234375