1 0.30546875 0.90625 0.05625 0.01953125
1 0.190625 0.92421875 0.05546875 0.0203125
0 0.75703125 0.25 0.05859375 0.02421875
0 0.07421875 0.7609375 0.0546875 0.02421875
0 0.128125 0.62265625 0.05546875 0.0234375
1 0.62421875 0.27421875 0.0609375 0.025
0 0.8109375 0.45625 0.05625 0.02578125
1 0.91171875 0.7484375 0.05546875 0.02109375
1 0.67109375 0.75234375 0.053125 0.025
1 0.73515625 0.80390625 0.0546875 0.02578125
1 0.74609375 0.60625 0.05234375 0.02421875
1 0.13828125 0.21171875 0.053125 0.02421875
1 0.03828125 0.109375 0.05 0.02265625