0 0.6734375 0.07109375 0.059375 0.0234375
0 0.4328125 0.0640625 0.0578125 0.0203125
0 0.196875 0.0375 0.05625 0.02109375
0 0.584375 0.878125 0.05546875 0.0203125
0 0.24296875 0.171875 0.05390625 0.021875
0 0.31328125 0.06328125 0.059375 0.0234375
0 0.0859375 0.04296875 0.053125 0.0234375
0 0.67421875 0.0453125 0.0578125 0.02578125
0 0.353125 0.4375 0.0609375 0.025
0 0.06640625 0.26015625 0.05078125 0.021875
0 0.34609375 0.8984375 0.05546875 0.0171875
0 0.22734375 0.5578125 0.05625 0.02578125
0 0.22734375 0.784375 0.05390625 0.0234375
0 0.22890625 0.86953125 0.05390625 0.02109375
0 0.49296875 0.03984375 0.0515625 0.02421875
0 0.31171875 0.09296875 0.05546875 0.0234375
0 0.0265625 0.1 0.0484375 0.02265625