0 0.5453125 0.259375 0.05859375 0.02109375
0 0.66328125 0.4703125 0.0625 0.025
0 0.90703125 0.33125 0.05859375 0.02578125
0 0.53515625 0.4671875 0.0609375 0.02421875
0 0.2765625 0.671875 0.05859375 0.02578125
0 0.85 0.1578125 0.05546875 0.02421875
0 0.096875 0.6359375 0.0578125 0.02734375
0 0.2765625 0.921875 0.0578125 0.02109375
0 0.15703125 0.96875 0.05859375 0.02578125
0 0.103125 0.45625 0.05546875 0.02578125
0 0.46953125 0.4953125 0.0609375 0.02578125
0 0.23125 0.3078125 0.059375 0.02578125
0 0.39375 0.9296875 0.05546875 0.02421875
0 0.41875 0.3125 0.059375 0.0234375
0 0.2875 0.43046875 0.0578125 0.025
0 0.19140625 0.1140625 0.0546875 0.0203125
0 0.64609375 0.7703125 0.059375 0.025
0 0.040625 0.83125 0.0515625 0.025