0 0.4671875 0.8125 0.0640625 0.02578125
0 0.915625 0.7828125 0.05390625 0.02421875
0 0.93828125 0.2875 0.059375 0.025
0 0.81171875 0.46875 0.06171875 0.02578125
0 0.6625 0.75625 0.06171875 0.02578125
0 0.26796875 0.8046875 0.06171875 0.02890625
0 0.27265625 0.9796875 0.0546875 0.02578125
0 0.96953125 0.84375 0.053125 0.025
0 0.72578125 0.846875 0.059375 0.02578125
1 0.5421875 0.66015625 0.059375 0.03125
0 0.60625 0.659375 0.05859375 0.02578125
0 0.2078125 0.6484375 0.05859375 0.02734375
0 0.16875 0.2359375 0.06171875 0.02421875
0 0.6171875 0.36953125 0.0625 0.025
0 0.6734375 0.66171875 0.05859375 0.0265625
0 0.05625 0.7921875 0.06171875 0.03046875
0 0.9125 0.8140625 0.05546875 0.02109375
1 0.65 0.93515625 0.05703125 0.02421875
1 0.7703125 0.9890625 0.05234375 0.021875