0 0.12421875 0.3734375 0.0671875 0.040625
1 0.85 0.7421875 0.0671875 0.0421875
0 0.91328125 0.72109375 0.0671875 0.0453125
0 0.14140625 0.57109375 0.071875 0.0453125
0 0.31640625 0.165625 0.06875 0.0390625
0 0.271875 0.909375 0.065625 0.0390625
0 0.65078125 0.46484375 0.0703125 0.0453125
0 0.1671875 0.48046875 0.0625 0.0375
0 0.45 0.19375 0.0671875 0.040625
0 0.63203125 0.26640625 0.06875 0.04375
1 0.5234375 0.43515625 0.075 0.053125
0 0.81875 0.98828125 0.0625 0.0234375
1 0.17734375 0.19453125 0.0625 0.0421875
0 0.24453125 0.17734375 0.065625 0.0390625
0 0.73359375 0.68203125 0.065625 0.0375
1 0.03984375 0.4828125 0.06875 0.046875
1 0.3296875 0.390625 0.0671875 0.0484375
1 0.2203125 0.86640625 0.0671875 0.0484375