0 0.2140625 0.4375 0.0625 0.0421875
0 0.12109375 0.3109375 0.0640625 0.0375
0 0.23984375 0.80078125 0.065625 0.0421875
0 0.596875 0.6890625 0.0640625 0.0375
0 0.1265625 0.33671875 0.065625 0.040625
0 0.8015625 0.453125 0.0640625 0.04375
0 0.48671875 0.025 0.0625 0.0328125
0 0.39453125 0.39453125 0.0609375 0.0359375
0 0.11640625 0.28125 0.0671875 0.04375
0 0.68359375 0.51171875 0.065625 0.0421875
0 0.22421875 0.49453125 0.0625 0.0390625
0 0.1125 0.25546875 0.0625 0.040625
0 0.63828125 0.3375 0.0640625 0.04375
0 0.5046875 0.58671875 0.0671875 0.040625
0 0.23359375 0.77265625 0.065625 0.040625
0 0.40078125 0.4234375 0.0671875 0.0484375
0 0.2453125 0.82890625 0.0671875 0.0453125
0 0.56953125 0.32421875 0.059375 0.0390625
0 0.30703125 0.815625 0.0625 0.0375