0 0.78671875 0.15 0.0515625 0.02421875
0 0.78828125 0.0953125 0.053125 0.02421875
0 0.253125 0.29765625 0.0515625 0.0234375
0 0.66875 0.1703125 0.0546875 0.0234375
1 0.2921875 0.94765625 0.05390625 0.02578125
0 0.34765625 0.95 0.053125 0.01796875
0 0.24296875 0.4703125 0.05546875 0.0234375
0 0.253125 0.32734375 0.05546875 0.021875
0 0.440625 0.08125 0.05390625 0.02421875
0 0.98125 0.0203125 0.034375 0.02578125
0 0.47578125 0.6546875 0.0625 0.02265625
0 0.89375 0.1296875 0.05546875 0.02421875
0 0.728125 0.0234375 0.04765625 0.02109375
0 0.2359375 0.965625 0.053125 0.01796875
1 0.4359375 0.165625 0.05859375 0.028125
1 0.49296875 0.1375 0.05703125 0.028125
1 0.40859375 0.97421875 0.05625 0.02421875