0 0.7609375 0.06875 0.0515625 0.02109375
0 0.58359375 0.3578125 0.059375 0.02421875
0 0.9796875 0.2109375 0.0359375 0.0203125
0 0.409375 0.2109375 0.0578125 0.0203125
0 0.83046875 0.39375 0.05546875 0.02421875
0 0.940625 0.54453125 0.05078125 0.025
0 0.93828125 0.5140625 0.053125 0.021875
0 0.3421875 0.325 0.05625 0.02421875
0 0.34765625 0.2984375 0.0546875 0.01953125
0 0.825 0.0703125 0.0515625 0.02578125
0 0.5890625 0.13984375 0.05625 0.01875
1 0.471875 0.1375 0.05234375 0.02109375
1 0.30703125 0.03359375 0.0546875 0.0203125
1 0.6484375 0.16875 0.05234375 0.0234375
1 0.64375 0.30546875 0.0546875 0.0265625
1 0.46328125 0.35703125 0.05703125 0.02734375
0 0.1625 0.3515625 0.05078125 0.02421875
0 0.884375 0.315625 0.04609375 0.025
0 0.09140625 0.553125 0.04921875 0.0265625
1 0.6375 0.65703125 0.05703125 0.025
0 0.3296875 0.67734375 0.053125 0.02734375
0 0.146875 0.840625 0.04921875 0.0234375