0 0.13203125 0.315625 0.053125 0.01875
0 0.80234375 0.5140625 0.0515625 0.02109375
0 0.5796875 0.64140625 0.0515625 0.01875
0 0.11171875 0.0296875 0.04609375 0.0203125
0 0.80625 0.4609375 0.0515625 0.0203125
1 0.90625 0.2125 0.0484375 0.0234375
0 0.6984375 0.484375 0.0515625 0.021875
0 0.0671875 0.775 0.053125 0.01953125
1 0.590625 0.296875 0.05 0.02265625
1 0.7546875 0.33046875 0.0453125 0.025
1 0.859375 0.359375 0.0484375 0.02265625
1 0.64609375 0.4296875 0.04921875 0.02578125
1 0.7 0.4609375 0.04921875 0.02421875
1 0.9609375 0.4421875 0.05 0.02578125
1 0.54609375 0.1453125 0.05390625 0.02734375
1 0.7578125 0.12890625 0.0515625 0.025
1 0.803125 0.0625 0.046875 0.025
0 0.6 0.03046875 0.04296875 0.021875
1 0.63203125 0.7484375 0.04765625 0.0234375
0 0.7359375 0.7765625 0.04609375 0.021875