0 0.259375 0.9375 0.0609375 0.02421875
0 0.8609375 0.78046875 0.0625 0.0234375
0 0.75234375 0.66015625 0.06171875 0.0265625
0 0.1515625 0.26875 0.0625 0.0265625
0 0.803125 0.75 0.05625 0.0234375
0 0.075 0.60625 0.0609375 0.025
0 0.19375 0.82421875 0.06171875 0.0265625
0 0.03203125 0.26953125 0.059375 0.025
0 0.1375 0.7609375 0.059375 0.02578125
0 0.6375 0.19296875 0.0625 0.025
0 0.69609375 0.4375 0.06171875 0.02734375
0 0.7 0.2234375 0.06328125 0.0265625
0 0.7640625 0.2546875 0.05859375 0.02578125