0 0.5625 0.1984375 0.0640625 0.025
0 0.14140625 0.35 0.065625 0.0328125
0 0.790625 0.80078125 0.0625 0.0328125
0 0.19765625 0.315625 0.0609375 0.0296875
0 0.4375 0.17890625 0.0640625 0.0375
0 0.446875 0.3234375 0.065625 0.0375
0 0.43984375 0.2078125 0.0609375 0.0328125
0 0.4328125 0.121875 0.0609375 0.0296875
0 0.56953125 0.28515625 0.059375 0.025
1 0.8328125 0.475 0.0546875 0.03125
0 0.83359375 0.50703125 0.0609375 0.0296875
0 0.71640625 0.5453125 0.0578125 0.0296875
0 0.15390625 0.4984375 0.0625 0.0375
0 0.275 0.4890625 0.0609375 0.03125
0 0.10078125 0.084375 0.0625 0.034375
0 0.03828125 0.50703125 0.05625 0.0296875
1 0.22109375 0.5515625 0.0609375 0.0328125
1 0.49609375 0.14296875 0.0640625 0.0359375
1 0.18515625 0.75625 0.0625 0.0328125
1 0.04375 0.89453125 0.046875 0.0296875
1 0.0953125 0.89453125 0.05 0.028125
0 0.3171875 0.8609375 0.053125 0.0234375
0 0.31328125 0.83515625 0.0515625 0.0265625
0 0.5 0.9015625 0.0546875 0.028125
0 0.9484375 0.43828125 0.0484375 0.0328125