0 0.33359375 0.36640625 0.059375 0.0265625
0 0.47109375 0.21328125 0.06328125 0.021875
0 0.6671875 0.2765625 0.0609375 0.025
0 0.18828125 0.8015625 0.0625 0.02734375
0 0.60078125 0.2453125 0.06640625 0.02890625
0 0.6421875 0.7875 0.0609375 0.02578125
0 0.91875 0.26171875 0.05625 0.025
0 0.32421875 0.65546875 0.05859375 0.02890625
0 0.384375 0.65625 0.0609375 0.025
0 0.02421875 0.9578125 0.04765625 0.028125
0 0.6421875 0.81875 0.0609375 0.02421875
0 0.471875 0.1875 0.065625 0.02578125
0 0.728125 0.4703125 0.065625 0.02890625
0 0.6 0.275 0.06328125 0.02578125
0 0.44453125 0.84453125 0.0625 0.0265625
0 0.85625 0.47421875 0.06171875 0.0265625
0 0.50234375 0.98671875 0.06171875 0.0234375
1 0.2546875 0.653125 0.06015625 0.02734375
1 0.7875 0.60234375 0.0578125 0.03359375
1 0.59609375 0.40546875 0.05625 0.03125
1 0.6609375 0.37421875 0.06015625 0.0296875