0 0.1828125 0.2375 0.0578125 0.034375
0 0.79140625 0.58203125 0.0546875 0.0328125
0 0.54609375 0.65546875 0.0578125 0.0328125
0 0.80703125 0.53046875 0.0546875 0.0328125
1 0.96015625 0.3109375 0.053125 0.034375
0 0.696875 0.5296875 0.05625 0.0328125
0 0.02265625 0.6703125 0.0453125 0.0375
1 0.634375 0.32265625 0.05625 0.0390625
1 0.7859375 0.3921875 0.0546875 0.0421875
1 0.88203125 0.44375 0.05625 0.0375
1 0.6578125 0.4640625 0.05625 0.0421875
1 0.70390625 0.50703125 0.0546875 0.0375
1 0.9625 0.54765625 0.05625 0.0375
1 0.625 0.16484375 0.059375 0.0390625
1 0.834375 0.19609375 0.059375 0.0421875
1 0.89375 0.1421875 0.053125 0.0390625
0 0.703125 0.06484375 0.046875 0.03125
1 0.57265625 0.771875 0.053125 0.034375
0 0.66796875 0.82265625 0.053125 0.0375