0 0.11015625 0.93203125 0.06171875 0.0265625
0 0.7046875 0.28046875 0.0609375 0.0265625
0 0.8796875 0.63125 0.05859375 0.02578125
0 0.103125 0.8234375 0.0578125 0.02578125
0 0.92734375 0.78125 0.05546875 0.02265625
0 0.31171875 0.2421875 0.0640625 0.02109375
0 0.865625 0.7828125 0.05625 0.02421875
1 0.62109375 0.66171875 0.0640625 0.0328125
0 0.6890625 0.6296875 0.059375 0.02734375
0 0.7609375 0.4703125 0.06328125 0.028125
0 0.49375 0.625 0.0609375 0.025
0 0.4265625 0.5921875 0.0625 0.02578125
0 0.975 0.840625 0.04765625 0.02421875
1 0.13046875 0.2140625 0.05546875 0.0265625
1 0.2359375 0.428125 0.06484375 0.0328125
1 0.04921875 0.42578125 0.05078125 0.028125
1 0.4796875 0.9265625 0.06171875 0.02734375