0 0.9359375 0.41875 0.05859375 0.02578125
0 0.7609375 0.3828125 0.0640625 0.028125
0 0.8703125 0.5953125 0.0578125 0.02578125
0 0.759375 0.4125 0.0609375 0.025
0 0.8234375 0.2375 0.0578125 0.02421875
0 0.93515625 0.5390625 0.0515625 0.0234375
0 0.5125 0.375 0.06328125 0.02578125
0 0.31640625 0.76015625 0.05625 0.0234375
0 0.31328125 0.7328125 0.05859375 0.02421875
0 0.315625 0.7859375 0.059375 0.0234375
0 0.315625 0.5828125 0.0578125 0.02578125
1 0.81875 0.53671875 0.05234375 0.02734375
1 0.87421875 0.56796875 0.05078125 0.025
1 0.5078125 0.53046875 0.05703125 0.028125
1 0.62265625 0.73984375 0.05546875 0.02421875
0 0.6640625 0.953125 0.05078125 0.01953125
0 0.371875 0.87578125 0.05546875 0.02578125
0 0.5484375 0.95234375 0.0546875 0.01953125
0 0.68359375 0.740625 0.05234375 0.02265625
0 0.375 0.70703125 0.05546875 0.025
0 0.3796875 0.52734375 0.05546875 0.02578125
0 0.8171875 0.44609375 0.05234375 0.02890625
1 0.58359375 0.06015625 0.05546875 0.02734375
1 0.821875 0.07265625 0.0484375 0.02265625
1 0.33046875 0.22421875 0.05703125 0.02734375