0 0.7484375 0.046875 0.046875 0.01875
0 0.66875 0.8875 0.04765625 0.0171875
0 0.05390625 0.1984375 0.04609375 0.01796875
0 0.946875 0.14921875 0.046875 0.0203125
0 0.665625 0.91015625 0.0453125 0.0171875
0 0.36328125 0.63203125 0.046875 0.0203125
0 0.815625 0.90703125 0.04765625 0.015625
1 0.3765625 0.2953125 0.0484375 0.02265625
1 0.53671875 0.325 0.0484375 0.0234375
1 0.6421875 0.35234375 0.04765625 0.02265625
0 0.64453125 0.27578125 0.046875 0.02421875
1 0.696875 0.20859375 0.0453125 0.0234375
1 0.59453125 0.12890625 0.05 0.02109375
1 0.5421875 0.12734375 0.0484375 0.02265625
1 0.33203125 0.14765625 0.05 0.02265625
1 0.5953125 0.0625 0.046875 0.02265625
1 0.596875 0.015625 0.04609375 0.02265625
0 0.54609375 0.0140625 0.046875 0.021875
0 0.5453125 0.03671875 0.0453125 0.02109375
0 0.38984375 0.03359375 0.046875 0.01953125
0 0.49453125 0.0125 0.0453125 0.01953125
0 0.69765625 0.278125 0.0453125 0.02265625
0 0.58515625 0.45625 0.0515625 0.02265625
0 0.58359375 0.50859375 0.04921875 0.02421875
0 0.53046875 0.5078125 0.04765625 0.02421875
1 0.42421875 0.4265625 0.05 0.02421875
1 0.4765625 0.45390625 0.05 0.0234375
1 0.7484375 0.434375 0.046875 0.0234375
0 0.51875 0.76484375 0.046875 0.0203125
0 0.51640625 0.7890625 0.05 0.0203125
1 0.41171875 0.7625 0.04609375 0.01875
1 0.4125 0.73828125 0.0484375 0.021875
0 0.73203125 0.74453125 0.04375 0.021875
1 0.71953125 0.88828125 0.04453125 0.01796875
0 0.5640625 0.88828125 0.046875 0.01875
0 0.61796875 0.88828125 0.04609375 0.01796875
0 0.51171875 0.9078125 0.046875 0.0171875
0 0.45859375 0.9078125 0.04765625 0.01953125
0 0.859375 0.928125 0.04140625 0.0171875