0 0.08671875 0.3203125 0.0609375 0.0375
0 0.084375 0.29296875 0.0609375 0.0359375
0 0.021875 0.09921875 0.04375 0.0328125
0 0.34453125 0.36796875 0.05625 0.03125
0 0.6109375 0.38359375 0.065625 0.034375
0 0.4375 0.5359375 0.0640625 0.0375
0 0.44140625 0.56484375 0.0640625 0.040625
0 0.4109375 0.38671875 0.059375 0.0359375
0 0.01171875 0.45546875 0.0234375 0.0328125
0 0.29453125 0.0640625 0.0609375 0.03125
0 0.34375 0.73203125 0.059375 0.0359375
0 0.08125 0.2671875 0.0625 0.0375
0 0.92734375 0.45546875 0.05625 0.0328125
0 0.41640625 0.01953125 0.0578125 0.0265625
0 0.1671875 0.4265625 0.0609375 0.0390625
0 0.41640625 0.7828125 0.0625 0.0375
0 0.0125 0.5109375 0.025 0.028125