0 0.196875 0.8171875 0.0578125 0.028125
0 0.3171875 0.79375 0.059375 0.025
0 0.19375 0.671875 0.05546875 0.0265625
0 0.4515625 0.4390625 0.05859375 0.02265625
0 0.13125 0.6984375 0.0578125 0.02578125
0 0.4375 0.709375 0.0625 0.02265625
0 0.7453125 0.884375 0.0546875 0.01953125
0 0.9328125 0.65625 0.053125 0.02421875
0 0.31484375 0.70625 0.05546875 0.02421875
0 0.9390625 0.4515625 0.05390625 0.021875
0 0.79140625 0.9609375 0.0515625 0.02265625
0 0.19375 0.871875 0.05546875 0.02421875
0 0.575 0.5 0.05859375 0.0234375
0 0.02578125 0.51875 0.0515625 0.02578125
0 0.790625 0.98671875 0.05 0.0203125
1 0.734375 0.9625 0.05234375 0.02421875
0 0.5609375 0.82890625 0.05390625 0.025
0 0.81953125 0.625 0.05625 0.02421875
0 0.196875 0.5234375 0.06171875 0.02578125
0 0.45 0.46875 0.06171875 0.02421875
0 0.5203125 0.178125 0.05859375 0.02265625
0 0.696875 0.5328125 0.05625 0.02265625
0 0.05703125 0.15390625 0.04765625 0.021875
0 0.053125 0.17890625 0.05 0.02109375
0 0.1640625 0.178125 0.053125 0.02265625
0 0.23359375 0.10234375 0.05078125 0.02109375
1 0.46328125 0.12734375 0.053125 0.02265625
1 0.640625 0.13125 0.0546875 0.02265625
1 0.88125 0.1703125 0.05078125 0.02421875
1 0.2546875 0.8484375 0.0546875 0.0265625
1 0.97578125 0.79609375 0.046875 0.025
1 0.92265625 0.79765625 0.0515625 0.025
0 0.91953125 0.8546875 0.0484375 0.02265625