0 0.23515625 0.3234375 0.06171875 0.02265625
0 0.83125 0.3671875 0.05625 0.02109375
0 0.5828125 0.68203125 0.0609375 0.0234375
0 0.5328125 0.35625 0.0609375 0.02578125
0 0.66015625 0.2171875 0.05859375 0.02421875
0 0.2328125 0.34921875 0.0578125 0.025
1 0.715625 0.3625 0.0578125 0.0203125
0 0.59765625 0.303125 0.053125 0.02109375
0 0.39296875 0.8484375 0.05546875 0.02421875
0 0.0484375 0.4921875 0.05625 0.0234375
0 0.22734375 0.46875 0.05546875 0.025
1 0.715625 0.14609375 0.05234375 0.01875
1 0.54609375 0.034375 0.05078125 0.02109375
1 0.8828125 0.65859375 0.0484375 0.02578125
1 0.21328125 0.89609375 0.05234375 0.0234375
1 0.88671875 0.18046875 0.0515625 0.0234375
0 0.41171875 0.35390625 0.0546875 0.0234375
1 0.8875 0.31484375 0.053125 0.02578125
0 0.340625 0.5578125 0.05859375 0.025