0 0.29375 0.63359375 0.0640625 0.0453125
0 0.42109375 0.875 0.065625 0.040625
0 0.60078125 0.896875 0.0609375 0.0375
0 0.06796875 0.81953125 0.059375 0.0390625
0 0.07265625 0.79765625 0.0609375 0.040625
0 0.7984375 0.4609375 0.065625 0.046875
0 0.5796875 0.55703125 0.0625 0.0375
0 0.4484375 0.5515625 0.065625 0.0421875
0 0.51015625 0.78125 0.0609375 0.0375
0 0.6390625 0.78671875 0.065625 0.04375
0 0.49140625 0.4078125 0.0671875 0.040625
0 0.771875 0.57734375 0.0671875 0.0453125
0 0.65703125 0.734375 0.059375 0.0359375
0 0.76328125 0.79140625 0.065625 0.04375
0 0.77265625 0.76640625 0.0609375 0.0359375
0 0.86015625 0.99453125 0.0578125 0.0109375
0 0.16875 0.4109375 0.0625 0.0421875
0 0.70234375 0.590625 0.0640625 0.040625
0 0.98046875 0.453125 0.0390625 0.0375