0 0.3078125 0.86171875 0.053125 0.021875
0 0.5859375 0.69140625 0.05625 0.0296875
0 0.33515625 0.41875 0.0578125 0.0296875
0 0.421875 0.88515625 0.0578125 0.025
1 0.05703125 0.5140625 0.0484375 0.0265625
0 0.11171875 0.53984375 0.05 0.0296875
0 0.42265625 0.9125 0.0578125 0.0265625
0 0.19140625 0.8359375 0.0546875 0.0296875
0 0.11171875 0.56953125 0.053125 0.0234375
0 0.02265625 0.7078125 0.0375 0.0234375
0 0.64296875 0.68828125 0.05625 0.03125
0 0.309375 0.9140625 0.05 0.0234375
0 0.12734375 0.734375 0.0515625 0.025
0 0.60546875 0.078125 0.0578125 0.03125