0 0.29609375 0.05703125 0.0546875 0.0203125
0 0.91640625 0.0578125 0.0515625 0.021875
0 0.91484375 0.8234375 0.05078125 0.0203125
0 0.096875 0.3515625 0.05546875 0.021875
0 0.17265625 0.1875 0.053125 0.0203125
0 0.82109375 0.228125 0.05625 0.021875
0 0.91328125 0.03671875 0.05078125 0.0234375
0 0.6421875 0.30625 0.05859375 0.025
0 0.340625 0.3828125 0.05546875 0.02265625
0 0.63984375 0.5375 0.05625 0.02421875
0 0.978125 0.2359375 0.03984375 0.0234375
1 0.02109375 0.14453125 0.03984375 0.0234375
1 0.878125 0.34375 0.04921875 0.02578125
1 0.87890625 0.39765625 0.05078125 0.02578125
1 0.16328125 0.29921875 0.04765625 0.02421875
0 0.45546875 0.53515625 0.05546875 0.025
1 0.146875 0.64375 0.04921875 0.025
1 0.5875 0.21875 0.0546875 0.025
1 0.528125 0.18984375 0.053125 0.02421875
0 0.215625 0.353125 0.05390625 0.02421875
0 0.5171875 0.53671875 0.05390625 0.02421875
0 0.20625 0.64453125 0.05390625 0.02578125