0 0.84453125 0.771875 0.0640625 0.0421875
0 0.721875 0.765625 0.0640625 0.0375
0 0.82734375 0.62734375 0.059375 0.0359375
0 0.53984375 0.4328125 0.0625 0.0328125
0 0.89296875 0.6453125 0.0640625 0.040625
0 0.59140625 0.6984375 0.065625 0.034375
0 0.3109375 0.91484375 0.05625 0.0265625
0 0.09296875 0.71484375 0.0578125 0.0359375
0 0.71171875 0.678125 0.0609375 0.040625
0 0.05859375 0.51328125 0.0578125 0.0328125
0 0.275 0.9890625 0.05625 0.021875
0 0.8546875 0.82578125 0.0625 0.040625
0 0.42578125 0.51015625 0.065625 0.040625
0 0.971875 0.4515625 0.0546875 0.0328125
1 0.33125 0.98671875 0.05625 0.0265625
0 0.48515625 0.834375 0.059375 0.0390625
0 0.20078125 0.66796875 0.0609375 0.0359375
0 0.803125 0.48125 0.0671875 0.040625
0 0.5453125 0.46171875 0.065625 0.0375
0 0.43515625 0.184375 0.0640625 0.0390625
0 0.309375 0.56015625 0.0609375 0.0359375
0 0.890625 0.0953125 0.053125 0.034375
0 0.89765625 0.11953125 0.0546875 0.034375
0 0.7875 0.134375 0.0578125 0.034375
0 0.70859375 0.06875 0.0546875 0.03125
1 0.484375 0.12578125 0.0578125 0.0375
1 0.309375 0.1546875 0.0609375 0.0375
1 0.0765625 0.2265625 0.0546875 0.034375
1 0.79140625 0.8109375 0.059375 0.0390625
1 0.07109375 0.85859375 0.053125 0.0375
1 0.12265625 0.85390625 0.05625 0.034375
0 0.13359375 0.909375 0.053125 0.034375