0 0.925 0.35 0.0609375 0.0375
0 0.92890625 0.32265625 0.0609375 0.0375
0 0.99140625 0.134375 0.0171875 0.0375
0 0.66484375 0.37890625 0.0578125 0.034375
0 0.39765625 0.37578125 0.06875 0.0421875
0 0.56015625 0.53984375 0.065625 0.040625
0 0.55390625 0.56875 0.0640625 0.040625
0 0.596875 0.39296875 0.0609375 0.0421875
0 0.98828125 0.490625 0.0234375 0.03125
0 0.73515625 0.0796875 0.0625 0.0390625
0 0.6390625 0.7421875 0.0625 0.04375
0 0.93359375 0.296875 0.0625 0.0390625
0 0.0765625 0.42578125 0.0609375 0.0421875
0 0.61640625 0.0265625 0.0609375 0.034375
0 0.8375 0.45 0.0609375 0.040625
0 0.56328125 0.78828125 0.0640625 0.0421875
0 0.9859375 0.546875 0.028125 0.03125