0 0.6515625 0.9203125 0.053125 0.02265625
0 0.4953125 0.4109375 0.059375 0.02421875
0 0.81484375 0.59375 0.05546875 0.025
0 0.2484375 0.375 0.059375 0.025
0 0.86171875 0.7375 0.05390625 0.02109375
0 0.36171875 0.7578125 0.059375 0.02265625
0 0.6203125 0.3828125 0.0609375 0.028125
0 0.74296875 0.7640625 0.05625 0.02109375
1 0.625 0.23828125 0.0546875 0.0265625
1 0.259375 0.171875 0.0546875 0.02734375
1 0.36875 0.56015625 0.05703125 0.02890625
1 0.48984375 0.56171875 0.06171875 0.02421875
1 0.48125 0.8734375 0.05546875 0.02421875
1 0.24453125 0.890625 0.0484375 0.02578125