0 0.30625 0.6515625 0.0625 0.040625
0 0.45390625 0.88046875 0.0640625 0.034375
0 0.63515625 0.88671875 0.0625 0.0375
0 0.096875 0.85625 0.05625 0.028125
0 0.1 0.83359375 0.0578125 0.03125
0 0.79453125 0.43515625 0.0640625 0.0390625
0 0.584375 0.55 0.0640625 0.0421875
0 0.453125 0.55625 0.0640625 0.0375
0 0.53515625 0.77890625 0.059375 0.034375
0 0.14921875 0.01328125 0.0546875 0.0265625
0 0.66328125 0.7734375 0.0625 0.0328125
0 0.48359375 0.40859375 0.0640625 0.0359375
0 0.778125 0.553125 0.0625 0.034375
0 0.67734375 0.71953125 0.059375 0.03125
0 0.7875 0.7671875 0.0609375 0.0328125
0 0.79453125 0.74140625 0.0625 0.0359375
0 0.90390625 0.975 0.05625 0.0328125
0 0.1625 0.43984375 0.0609375 0.0375
0 0.709375 0.57265625 0.065625 0.0421875
0 0.978125 0.41171875 0.04375 0.0328125
0 0.209375 0.00546875 0.05625 0.0109375