0 0.10703125 0.553125 0.065625 0.0375
1 0.88984375 0.32890625 0.0625 0.0328125
0 0.94765625 0.36171875 0.059375 0.028125
0 0.16171875 0.3625 0.065625 0.0296875
0 0.25625 0.79375 0.065625 0.028125
0 0.35390625 0.0546875 0.0625 0.03125
0 0.640625 0.56328125 0.065625 0.0328125
0 0.16953125 0.45546875 0.059375 0.0296875
0 0.3921875 0.790625 0.0640625 0.0296875
0 0.58515625 0.7546875 0.0625 0.034375
1 0.5109375 0.56796875 0.06875 0.0390625
0 0.90859375 0.0734375 0.0578125 0.03125
1 0.125 0.73828125 0.059375 0.034375
0 0.1875 0.76796875 0.0609375 0.0265625
0 0.90625 0.04765625 0.0546875 0.03125
0 0.7640625 0.365625 0.0625 0.0296875
1 0.04453125 0.42890625 0.0640625 0.0390625
1 0.3125 0.575 0.0609375 0.0375
1 0.2953125 0.08671875 0.0578125 0.03125