0 0.496875 0.25546875 0.0625 0.03125
0 0.34453125 0.4421875 0.06875 0.040625
0 0.128125 0.26328125 0.065625 0.04375
0 0.47109375 0.46171875 0.065625 0.0390625
0 0.68984375 0.7078125 0.065625 0.0421875
0 0.21484375 0.10234375 0.0625 0.040625
0 0.8734375 0.70390625 0.0625 0.0421875
0 0.646875 0.95390625 0.065625 0.040625
0 0.8984375 0.52578125 0.0609375 0.0375
0 0.53046875 0.50078125 0.0640625 0.0359375
0 0.79765625 0.35703125 0.0671875 0.04375
0 0.5296875 0.94140625 0.0609375 0.0359375
0 0.6125 0.3296875 0.065625 0.0390625
0 0.72109375 0.46875 0.0640625 0.0421875
0 0.87109375 0.1734375 0.059375 0.0359375
0 0.309375 0.740625 0.065625 0.0390625
0 0.89453125 0.90625 0.0578125 0.040625