0 0.165625 0.2703125 0.059375 0.02578125
0 0.15 0.8 0.0609375 0.02578125
0 0.4234375 0.2421875 0.0640625 0.02421875
0 0.1515625 0.76875 0.0609375 0.02578125
3 0.040625 0.9578125 0.0546875 0.02421875
0 0.5984375 0.95625 0.065625 0.02421875
0 0.4921875 0.2140625 0.0625 0.02265625
0 0.09765625 0.39296875 0.0625 0.0265625
0 0.10859375 0.2421875 0.0625 0.02578125
0 0.98359375 0.6328125 0.03125 0.02578125
0 0.01484375 0.18828125 0.0296875 0.0234375
0 0.28203125 0.5875 0.06328125 0.0265625
0 0.03046875 0.4546875 0.05546875 0.02578125
1 0.41171875 0.6578125 0.06484375 0.03203125
1 0.540625 0.93046875 0.06640625 0.028125
1 0.95859375 0.92265625 0.05546875 0.02578125