0 0.42734375 0.9375 0.059375 0.0296875
0 0.7953125 0.81640625 0.059375 0.0296875
0 0.91875 0.3671875 0.0609375 0.0359375
0 0.19453125 0.9296875 0.0578125 0.0328125
1 0.61875 0.36015625 0.0609375 0.0390625
0 0.55625 0.3546875 0.0609375 0.0328125
0 0.87265625 0.71015625 0.05625 0.028125
0 0.10078125 0.6515625 0.059375 0.0296875
0 0.55703125 0.82109375 0.053125 0.0265625
0 0.39765625 0.60390625 0.059375 0.034375
1 0.7640625 0.67265625 0.0640625 0.0375
0 0.29375 0.47421875 0.0625 0.0359375
0 0.2953125 0.44453125 0.0609375 0.0265625
0 0.36015625 0.93125 0.0484375 0.028125
0 0.0890625 0.93359375 0.059375 0.034375
0 0.5234375 0.64765625 0.0609375 0.03125
1 0.721875 0.884375 0.05 0.028125
1 0.57421875 0.70859375 0.05625 0.03125
0 0.32890625 0.68046875 0.05625 0.0328125
1 0.865625 0.9890625 0.046875 0.021875
0 0.23203125 0.4375 0.059375 0.0359375
0 0.11953125 0.42578125 0.05625 0.0359375
0 0.25 0.00546875 0.053125 0.0109375