0 0.1796875 0.434375 0.0609375 0.02734375
0 0.2390625 0.62265625 0.0625 0.028125
0 0.17421875 0.61953125 0.06328125 0.0265625
0 0.4359375 0.40625 0.0671875 0.02578125
0 0.44453125 0.19765625 0.0625 0.025
0 0.178125 0.465625 0.06171875 0.025
0 0.42734375 0.94765625 0.059375 0.021875
0 0.1734375 0.65 0.0625 0.02734375
0 0.5703125 0.2546875 0.05859375 0.02265625
0 0.44453125 0.2515625 0.05859375 0.021875
0 0.56171875 0.628125 0.0640625 0.02421875
0 0.315625 0.2234375 0.059375 0.02109375
0 0.44453125 0.225 0.0609375 0.02421875
1 0.4984375 0.4703125 0.05625 0.0265625
1 0.496875 0.59765625 0.05703125 0.03125