0 0.7640625 0.05546875 0.046875 0.021875
0 0.65546875 0.89296875 0.0484375 0.0234375
0 0.06484375 0.1828125 0.0484375 0.025
0 0.95859375 0.16484375 0.046875 0.0234375
0 0.6515625 0.915625 0.0453125 0.0234375
0 0.35859375 0.62734375 0.046875 0.0234375
0 0.8015625 0.91796875 0.0484375 0.0234375
1 0.38359375 0.29140625 0.05 0.03125
1 0.54296875 0.3265625 0.05 0.0265625
1 0.646875 0.35703125 0.05 0.0296875
0 0.65234375 0.28125 0.0484375 0.028125
1 0.70703125 0.215625 0.046875 0.0296875
1 0.6078125 0.1328125 0.05 0.0234375
1 0.55546875 0.12890625 0.0484375 0.0265625
1 0.34453125 0.1421875 0.053125 0.03125
1 0.61015625 0.06640625 0.0484375 0.025
1 0.6140625 0.01953125 0.0484375 0.028125
0 0.56328125 0.015625 0.05 0.028125
0 0.56171875 0.03828125 0.0484375 0.025
0 0.40625 0.0296875 0.05 0.028125
0 0.51171875 0.0125 0.0453125 0.021875
0 0.70546875 0.28515625 0.0484375 0.028125
0 0.58671875 0.459375 0.0515625 0.025
0 0.58359375 0.51171875 0.0515625 0.03125
0 0.53046875 0.50859375 0.05 0.028125
1 0.4265625 0.42421875 0.053125 0.0328125
1 0.478125 0.453125 0.0515625 0.0265625
1 0.75078125 0.44296875 0.05 0.0296875
0 0.509375 0.765625 0.0484375 0.0265625
0 0.50625 0.78984375 0.05 0.0234375
1 0.40234375 0.759375 0.046875 0.021875
1 0.40390625 0.73515625 0.0515625 0.0265625
0 0.7234375 0.75234375 0.0453125 0.025
1 0.70546875 0.89609375 0.046875 0.0234375
0 0.55078125 0.890625 0.05 0.0265625
0 0.6046875 0.8921875 0.046875 0.0234375
0 0.49765625 0.9078125 0.046875 0.01875
0 0.44453125 0.90625 0.0484375 0.021875
0 0.84453125 0.940625 0.0421875 0.0203125