0 0.73984375 0.134375 0.0578125 0.021875
0 0.728125 0.7640625 0.06171875 0.02109375
0 0.73125 0.8046875 0.0578125 0.02265625
0 0.9640625 0.71328125 0.059375 0.0234375
0 0.2 0.64296875 0.0609375 0.025
0 0.8921875 0.9734375 0.0796875 0.02109375
0 0.7984375 0.5359375 0.05859375 0.0234375
0 0.90703125 0.68515625 0.05625 0.0234375
0 0.8 0.50625 0.05625 0.025
0 0.884375 0.92734375 0.0703125 0.0265625
0 0.91796875 0.5375 0.05625 0.02421875
0 0.85625 0.1921875 0.0578125 0.0234375
0 0.41171875 0.1234375 0.0578125 0.02265625
0 0.88984375 0.95078125 0.06875 0.0203125