0 0.60078125 0.2765625 0.0609375 0.02109375
0 0.2375 0.86171875 0.05625 0.025
0 0.23671875 0.8328125 0.059375 0.0234375
0 0.1234375 0.884375 0.05546875 0.0234375
0 0.35625 0.48125 0.0578125 0.025
0 0.115625 0.484375 0.05625 0.021875
0 0.23515625 0.5125 0.053125 0.02421875
0 0.1171875 0.4546875 0.0546875 0.02265625
0 0.2359375 0.4828125 0.05859375 0.02265625
0 0.2359375 0.63125 0.0515625 0.02578125
0 0.2359375 0.3078125 0.05625 0.02109375
0 0.540625 0.89453125 0.05625 0.021875
1 0.29765625 0.86484375 0.05390625 0.02578125
0 0.178125 0.3328125 0.0515625 0.021875
1 0.075 0.17578125 0.04765625 0.0203125
0 0.0796875 0.15 0.046875 0.0203125
0 0.08359375 0.12578125 0.04375 0.01953125
0 0.54375 0.45390625 0.05703125 0.02578125
0 0.29765625 0.4546875 0.0515625 0.02421875
0 0.41953125 0.5125 0.05390625 0.0265625
0 0.35703125 0.63203125 0.05234375 0.02578125
0 0.5453125 0.7234375 0.05546875 0.02578125
0 0.603125 0.83671875 0.05625 0.02578125
0 0.60234375 0.8671875 0.0546875 0.0234375
0 0.41953125 0.8953125 0.05546875 0.02578125
1 0.29765625 0.83515625 0.0546875 0.02734375