0 0.61484375 0.7609375 0.04765625 0.01796875
0 0.24921875 0.628125 0.05 0.0203125
0 0.92421875 0.4640625 0.04609375 0.02109375
0 0.61171875 0.78203125 0.04765625 0.01875
0 0.07421875 0.1875 0.0453125 0.01875
1 0.50078125 0.91875 0.046875 0.01484375
0 0.2765625 0.0734375 0.04609375 0.01796875
0 0.8734375 0.5875 0.046875 0.01796875
0 0.23203125 0.0296875 0.03984375 0.01953125
0 0.48203125 0.05078125 0.04296875 0.0203125
0 0.63125 0.078125 0.04453125 0.01953125
1 0.82890625 0.2234375 0.04375 0.021875
0 0.2609375 0.28046875 0.04296875 0.021875
0 0.31171875 0.28046875 0.04765625 0.01875
0 0.36796875 0.30546875 0.04765625 0.02265625
0 0.36484375 0.428125 0.04453125 0.021875
0 0.4703125 0.43046875 0.046875 0.02109375
1 0.7234375 0.6109375 0.04765625 0.02421875
1 0.6296875 0.3109375 0.0484375 0.021875
1 0.83046875 0.29375 0.04765625 0.02109375
1 0.77890625 0.31640625 0.04453125 0.0234375
1 0.625 0.48203125 0.046875 0.0234375
1 0.89921875 0.87421875 0.0390625 0.01796875
1 0.4046875 0.87578125 0.04609375 0.01953125