0 0.07734375 0.5765625 0.0578125 0.02421875
0 0.93828125 0.3921875 0.05625 0.02421875
0 0.93515625 0.4203125 0.0578125 0.02578125
0 0.5125 0.3765625 0.0625 0.02578125
0 0.940625 0.21875 0.0515625 0.02578125
0 0.13671875 0.8640625 0.05625 0.02265625
0 0.5125 0.40625 0.06328125 0.02578125
0 0.58046875 0.23046875 0.05546875 0.025
0 0.62890625 0.59375 0.0609375 0.02578125
0 0.43828125 0.7375 0.059375 0.02109375
0 0.93203125 0.45 0.05390625 0.025
0 0.19375 0.58125 0.05625 0.02578125
0 0.9171875 0.7390625 0.053125 0.02109375
0 0.4296875 0.94765625 0.0546875 0.01875
0 0.5109375 0.4375 0.0546875 0.025
0 0.25234375 0.703125 0.0578125 0.02265625
0 0.26171875 0.37265625 0.0625 0.0234375
0 0.31328125 0.921875 0.05625 0.0203125
0 0.07890625 0.7234375 0.0546875 0.02578125
0 0.3234375 0.4328125 0.0578125 0.0265625
0 0.93828125 0.24765625 0.05390625 0.0234375
0 0.43671875 0.76484375 0.0578125 0.0203125
0 0.08046875 0.75 0.05546875 0.02421875
0 0.14296875 0.9328125 0.0578125 0.021875
0 0.13359375 0.52109375 0.0578125 0.0234375
0 0.6984375 0.4125 0.0609375 0.025
1 0.34140625 0.05703125 0.05234375 0.0234375
1 0.58515625 0.0625 0.05390625 0.0265625
0 0.81953125 0.103125 0.05234375 0.025
1 0.88359375 0.18671875 0.05 0.0265625
0 0.64140625 0.203125 0.05625 0.02578125
0 0.7625 0.3859375 0.053125 0.02578125
0 0.57265625 0.440625 0.0578125 0.028125
0 0.78046875 0.92734375 0.0484375 0.01953125
1 0.79375 0.7953125 0.0515625 0.02421875
1 0.8515625 0.79453125 0.0484375 0.0234375
1 0.90625 0.79375 0.046875 0.02265625
1 0.37578125 0.73671875 0.0578125 0.025
1 0.375 0.7625 0.05625 0.025
0 0.3140625 0.9453125 0.0515625 0.0203125
0 0.71875 0.95 0.04921875 0.0171875