0 0.1734375 0.6984375 0.05625 0.0296875
0 0.46640625 0.85859375 0.0578125 0.0359375
0 0.22890625 0.196875 0.05625 0.03125
0 0.815625 0.51484375 0.059375 0.034375
0 0.46875 0.91328125 0.053125 0.028125
0 0.75625 0.34296875 0.0609375 0.0296875
0 0.3546875 0.8875 0.059375 0.0328125
0 0.97578125 0.67421875 0.0484375 0.0328125
0 0.584375 0.828125 0.059375 0.0328125
0 0.353125 0.91484375 0.059375 0.0328125
0 0.97578125 0.64765625 0.0484375 0.0328125
0 0.640625 0.51953125 0.0546875 0.0265625
0 0.4640625 0.696875 0.0609375 0.034375
0 0.5109375 0.0515625 0.0515625 0.021875
0 0.75625 0.68671875 0.05625 0.0328125
0 0.39765625 0.4109375 0.0578125 0.0328125
0 0.25078125 0.99609375 0.0546875 0.0078125
0 0.9796875 0.50703125 0.040625 0.0265625
0 0.5734375 0.07265625 0.05625 0.03125
0 0.81171875 0.8984375 0.0515625 0.0234375
0 0.64140625 0.54921875 0.0625 0.0359375
0 0.075 0.83046875 0.0515625 0.0296875
0 0.8515625 0.05078125 0.0515625 0.028125