0 0.32109375 0.5109375 0.059375 0.0296875
0 0.09921875 0.8109375 0.0609375 0.0328125
0 0.584375 0.67734375 0.059375 0.034375
0 0.52734375 0.884375 0.05625 0.0265625
0 0.08671875 0.728125 0.0578125 0.0296875
0 0.31953125 0.48125 0.0625 0.03125
0 0.20078125 0.72421875 0.0640625 0.0375
0 0.1984375 0.45859375 0.0609375 0.0359375
0 0.64296875 0.615625 0.0625 0.03125
0 0.696875 0.434375 0.0609375 0.034375
0 0.2546875 0.19453125 0.059375 0.0328125
0 0.52734375 0.9609375 0.0578125 0.025
0 0.88203125 0.603125 0.053125 0.028125
0 0.82578125 0.63515625 0.059375 0.0328125
0 0.82578125 0.66484375 0.0609375 0.0328125
0 0.58046875 0.61953125 0.0609375 0.0359375
0 0.93828125 0.853125 0.053125 0.03125
0 0.0875 0.69765625 0.059375 0.0328125
0 0.5859375 0.9828125 0.059375 0.0296875
0 0.95390625 0.14609375 0.046875 0.0328125
1 0.37578125 0.1359375 0.0546875 0.0265625
1 0.62109375 0.15078125 0.05625 0.0296875
0 0.61640625 0.10078125 0.0546875 0.0296875
0 0.73203125 0.09921875 0.053125 0.03125