0 0.21015625 0.30546875 0.0578125 0.034375
0 0.85546875 0.909375 0.053125 0.0359375
0 0.74609375 0.91875 0.05625 0.028125
0 0.62109375 0.7140625 0.0609375 0.0390625
0 0.76953125 0.24140625 0.059375 0.0375
0 0.8453125 0.9578125 0.0546875 0.03125
0 0.7421875 0.94453125 0.05625 0.03125
0 0.5671875 0.70390625 0.05625 0.03125
0 0.06796875 0.46953125 0.05625 0.0375
0 0.89453125 0.759375 0.0546875 0.0328125
0 0.71953125 0.20546875 0.05625 0.0296875
0 0.896875 0.484375 0.059375 0.034375
0 0.90390625 0.43125 0.0515625 0.0328125
0 0.621875 0.43203125 0.0640625 0.04375
0 0.171875 0.81328125 0.0625 0.040625
1 0.14140625 0.65234375 0.0515625 0.034375
1 0.18046875 0.18828125 0.05625 0.0375