0 0.7171875 0.94921875 0.0640625 0.028125
0 0.125 0.7609375 0.0640625 0.028125
0 0.23984375 0.646875 0.0625 0.0296875
0 0.86015625 0.2875 0.065625 0.034375
0 0.184375 0.73359375 0.059375 0.03125
0 0.91875 0.628125 0.0640625 0.0328125
0 0.7890625 0.83984375 0.0640625 0.03125
0 0.9734375 0.29375 0.053125 0.0375
0 0.8484375 0.7796875 0.0640625 0.0359375
0 0.37890625 0.1859375 0.0640625 0.0296875
0 0.3078125 0.42734375 0.0640625 0.034375
0 0.31484375 0.21328125 0.065625 0.034375
0 0.24921875 0.24140625 0.0625 0.0359375