0 0.15546875 0.8671875 0.05625 0.0328125
0 0.38828125 0.621875 0.0640625 0.0375
0 0.52890625 0.8015625 0.0609375 0.0359375
0 0.1546875 0.53515625 0.059375 0.0359375
0 0.078125 0.36484375 0.0546875 0.0359375
0 0.07421875 0.3953125 0.05625 0.0328125
0 0.61796875 0.70390625 0.0609375 0.0359375
0 0.60703125 0.72890625 0.059375 0.0359375
0 0.09296875 0.85234375 0.0546875 0.0359375
0 0.33828125 0.83359375 0.0609375 0.0328125
1 0.45234375 0.86015625 0.059375 0.0390625
1 0.590625 0.9890625 0.059375 0.021875
1 0.2859375 0.79296875 0.059375 0.040625
1 0.31875 0.66015625 0.0609375 0.0390625
1 0.50625 0.64765625 0.0625 0.0390625
0 0.79921875 0.715625 0.0578125 0.0421875
0 0.0859375 0.60078125 0.0546875 0.040625
0 0.9109375 0.5328125 0.0546875 0.0390625
1 0.3984375 0.31796875 0.0625 0.0421875
0 0.703125 0.36171875 0.059375 0.040625
0 0.91640625 0.240625 0.0578125 0.0421875