0 0.6583074421874999 0.9127641593750001 0.6563251593749999 0.9505883515625 0.6564248734375 0.9563009375 0.6715910484375 0.9570957625000001 0.7563227765625 0.9596504609375 0.7576269421874999 0.9347655125 0.7573031078125 0.9162130562499999 0.7364500421875 0.91512019375 0.6583074421874999 0.9127641593750001
0 0.7532923375 0.9550237421875 0.743884990625 0.955187946875 0.65065416875 0.9581721421875 0.656024740625 0.9957900046875 0.6594983531249999 0.995729371875 0.753898684375 0.9897614015625 0.7532923375 0.9550237421875
0 0.7538778484375 0.9264435000000001 0.76738676875 0.88620069375 0.6742026765625 0.8579517624999999 0.6710659546875 0.8580065140625001 0.6589619250000001 0.8968634171875 0.7538778484375 0.9264435000000001
0 0.7140625 0.84921875 0.109375 0.0484375
0 0.60625 0.55390625 0.103125 0.040625
0 0.78125 0.3765625 0.109375 0.053125
2 0.78359375 0.37578125 0.103125 0.04375
0 0.78984375 0.296875 0.1046875 0.05
0 0.7859375 0.33359375 0.109375 0.0546875
0 0.76484375 0.07109375 0.103125 0.053125
0 0.76796875 0.0328125 0.103125 0.0453125