0 0.7515959750000001 0.0810284828125 0.7515959750000001 0.0371065 0.6493637796875 0.039378326562499996 0.6493637796875 0.083300309375 0.7515959750000001 0.0810284828125
0 0.7468630046875 0.036349226562499996 0.7468630046875 0.00151455 0.6427376171875 0.003029103125 0.6474705875 0.0408928796875 0.7468630046875 0.036349226562499996
0 0.7572755421874999 0.12495046406250002 0.7553823546875 0.0825430328125 0.6559899375 0.084814859375 0.6569365328125001 0.1264650171875 0.7572755421874999 0.12495046406250002
0 0.7078125 0.146875 0.10625 0.040625
0 0.60546875 0.44453125 0.10234375 0.03671875
0 0.78359375 0.61875 0.10625 0.04296875
2 0.7859375 0.61953125 0.103125 0.04296875
0 0.79296875 0.69765625 0.1015625 0.03671875
0 0.7890625 0.66171875 0.10546875 0.0359375
0 0.77265625 0.92421875 0.09921875 0.040625
0 0.77578125 0.9625 0.1015625 0.03671875