2 0.19296875 0.3921875 0.321875 0.203125
0 0.1921875 0.4484375 0.1125 0.0546875
0 0.19453125 0.41328125 0.096875 0.034375
0 0.19140625 0.3765625 0.0984375 0.0453125
0 0.19453125 0.33671875 0.09375 0.04375
0 0.0921875 0.44921875 0.1078125 0.05625
0 0.09453125 0.40859375 0.1 0.0515625
0 0.08984375 0.3703125 0.103125 0.053125
0 0.09140625 0.3328125 0.103125 0.0515625
2 0.17734375 0.1 0.3546875 0.190625
0 0.07734375 0.15625 0.0984375 0.046875
2 0.29453125 0.67890625 0.2109375 0.165625
0 0.24296875 0.7328125 0.0984375 0.0421875
0 0.24296875 0.69609375 0.0984375 0.0484375
0 0.2453125 0.66171875 0.096875 0.0515625
0 0.24375 0.6203125 0.0984375 0.0484375
0 0.3375 0.73125 0.0890625 0.0453125
0 0.275 0.97734375 0.0984375 0.04375
0 0.27265625 0.94296875 0.096875 0.0453125
0 0.27578125 0.90703125 0.1 0.040625