2 0.80546875 0.61328125 0.3109375 0.178125
0 0.80625 0.55703125 0.109375 0.0421875
0 0.80390625 0.5921875 0.096875 0.0421875
0 0.80625 0.62890625 0.0984375 0.05
0 0.80234375 0.66875 0.09375 0.0484375
0 0.90625 0.5578125 0.103125 0.0390625
0 0.90390625 0.5984375 0.096875 0.04375
0 0.9078125 0.63671875 0.1015625 0.046875
0 0.90546875 0.67421875 0.1015625 0.046875
2 0.8203125 0.90703125 0.359375 0.1796875
0 0.91640625 0.8515625 0.0984375 0.0515625
2 0.70859375 0.32421875 0.2140625 0.171875
0 0.7609375 0.271875 0.0984375 0.04375
0 0.7609375 0.30859375 0.096875 0.0453125
0 0.7578125 0.34296875 0.09375 0.040625
0 0.7578125 0.384375 0.1 0.0515625
0 0.66640625 0.27109375 0.0875 0.046875
0 0.7328125 0.0265625 0.096875 0.0359375
0 0.73515625 0.06171875 0.0953125 0.0390625
0 0.73125 0.096875 0.1 0.040625