0 0 0.9581655874999999 0.0095430734375 0.9590004984375 0.061771182812500006 0.9553483515625001 0.061907525 0.95378995 0.0560890125 0.9223442000000001 0 0.925365521875 0 0.9581655874999999
0 0.0243503625 0.750876428125 0.018157378125 0.7844141546875 0.13003415000000002 0.8057675609375 0.1366560640625 0.7632362453125 0.1095744890625 0.755979759375 0.0279102734375 0.7375906671875 0.0243503625 0.750876428125
0 0.139317453125 0.7549995765624999 0.142184046875 0.7096140578125001 0.033864840624999996 0.7019920187500001 0.03315575625 0.7087385109375 0.032780796875000004 0.7130243296875001 0.0334047171875 0.7484363828125 0.139317453125 0.7549995765624999
0 0.04704464375 0.6592828515625 0.0432026765625 0.6835400703125 0.0416430890625 0.7013662484375 0.146563653125 0.7134855046874999 0.15144621875 0.6705560640625 0.04704464375 0.6592828515625
0 0.15388786875 0.6634564078125 0.156309559375 0.6252093640624999 0.137939503125 0.6236021921875 0.05493440000000001 0.621156565625 0.051713367187500005 0.6579731515625 0.0517146921875 0.658318253125 0.15388786875 0.6634564078125
0 0.1 0.3328125 0.11875 0.065625
0 0.776321328125 0.47897624062500005 0.7762040625 0.48031658281249995 0.8736021031250001 0.512999571875 0.8825731671874999 0.4928502359375 0.8894824453125001 0.4763314921875 0.88955544375 0.4754971015625 0.8813323125 0.47183592812499997 0.792061525 0.44260027500000004 0.7832517125 0.4623874359375 0.776321328125 0.47897624062500005
0 0.887064909375 0.4722604671875 0.8789035109375 0.49809348125 0.976528359375 0.5293690015625 0.9905383265625 0.4946931140625 0.9784464906249999 0.4898076953125 0.89058933125 0.46353722187499996 0.887064909375 0.4722604671875
0 1 0.1640928890625 0.9557834859375 0.1734361828125 0.9590001953125 0.204041125 0.9601152015625001 0.212653221875 1 0.20373437968750002 1 0.1640928890625
0 0.9576607875 0.14792300625000002 0.8613678312499999 0.1522866234375 0.858277425 0.18761012500000002 0.95364000625 0.1878043359375 0.9580748968749999 0.1479592359375 0.9576607875 0.14792300625000002
0 0.6631322953125001 0.09905857500000001 0.5753459359375 0.0736946109375 0.5601844515625001 0.072368153125 0.5535958984375 0.10973370625000001 0.6561628203125001 0.1385844296875 0.6631322953125001 0.09905857500000001