0 0 0.916975278125 0.006983896874999999 0.9176990453125 0.021287851562499998 0.918950478125 0.023295865625000002 0.8855790078125001 0.0124992078125 0.8836752656250001 0 0.8825817265625 0 0.916975278125
0 0 0.7485900265625001 0.0057856078125 0.7709006328125 0.1162047375 0.7429722234375 0.10423171875 0.70162721875 0.076620753125 0.7064957781250001 0 0.7232155859375 0 0.7485900265625001
0 0.1143685828125 0.7284637828125 0.126608715625 0.6846660453125 0.02224125625 0.6546897359375 0.019004453125 0.6646515875000001 0.012134859375 0.7000235140625 0.1143685828125 0.7284637828125
0 0.133982178125 0.6260385562499999 0.027784003125 0.6323684046875 0.028429534375 0.6693508578125 0.028808867187499997 0.6755327546875 0.0290447359375 0.6755743453124999 0.135668734375 0.6684230062500001 0.133982178125 0.6260385562499999
0 0.039175715625 0.6030003734375 0.0390355875 0.6037950875 0.1255643296875 0.641082365625 0.13350848906249999 0.643973803125 0.14768802812499998 0.6077491515625 0.0651457875 0.5741968156249999 0.055912514062499995 0.570836178125 0.0524455828125 0.5702248640625001 0.046545987500000004 0.5827507171875 0.039175715625 0.6030003734375
0 0.115625 0.2984375 0.1234375 0.078125
0 0.7823553546875 0.48234508906249995 0.782045509375 0.4841023125 0.781954409375 0.5001107031250001 0.7823324234375 0.5217671484374999 0.8849261984375 0.53050245 0.8851874343749999 0.5290209078125 0.885283053125 0.51087753125 0.8848981203124999 0.4888246953125 0.7981095234375 0.48207009999999995 0.7823553546875 0.48234508906249995
0 0.8796669187499999 0.549153865625 0.981958125 0.55588278125 0.9871061640625 0.5192525875 0.9755657031249999 0.5172176937499999 0.9742485343749999 0.5170325765625 0.883283134375 0.51282649375 0.8811697203125 0.5248122640624999 0.8796669187499999 0.549153865625
0 1 0.2116900625 0.9837322328125 0.21309372031249998 0.9830271984375001 0.217092165625 0.9825589625 0.24391744843750002 0.9826161062500001 0.2526012375 1 0.2508952515625 1 0.2116900625
0 0.9687048031250001 0.2464068609375 0.968854534375 0.246473525 0.9815965343749999 0.21320178906249998 0.90306865625 0.16490123437499998 0.8994132078125 0.1642566796875 0.8837125609375001 0.1995209109375 0.9687048031250001 0.2464068609375
0 0.5889677578125 0.101376853125 0.5896814375 0.142263503125 0.695485621875 0.129055821875 0.6948056499999999 0.09010035 0.69171595625 0.08955555312499999 0.68904045625 0.08960225468750001 0.5889677578125 0.101376853125