2 0.9171875 0.88046875 0.165625 0.1609375
2 0.871875 0.584375 0.25625 0.171875
2 0.78828125 0.284375 0.41875 0.1859375
2 0.66953125 0.040625 0.3265625 0.08125
0 0.9265625 0.20546875 0.1078125 0.04375
0 0.934375 0.24296875 0.10625 0.05
0 0.93828125 0.28515625 0.1125 0.05
0 0.94140625 0.3265625 0.1046875 0.04375
0 0.8125 0.21953125 0.1125 0.059375
0 0.82109375 0.2578125 0.11875 0.0578125
0 0.8296875 0.29921875 0.1171875 0.0640625
0 0.83046875 0.3375 0.103125 0.0453125
0 0.66484375 0.01953125 0.1078125 0.0390625
0 0.67265625 0.05390625 0.1046875 0.0484375
0 0.76875 0.0171875 0.1125 0.034375
0 0.78046875 0.03984375 0.1140625 0.053125