2 0.91015625 0.0703125 0.17890625 0.13984375
2 0.91015625 0.36796875 0.17890625 0.15859375
2 0.89296875 0.6625 0.2140625 0.15
0 0.96640625 0.3453125 0.06640625 0.03671875
0 0.96640625 0.30234375 0.0671875 0.0421875
0 0.9453125 0.7203125 0.109375 0.03515625
0 0.9453125 0.68359375 0.109375 0.03359375
0 0.94375 0.646875 0.1125 0.0375
0 0.9421875 0.60703125 0.10546875 0.03984375
0 0.83984375 0.6453125 0.096875 0.03828125
0 0.83984375 0.6078125 0.09765625 0.03515625
0 0.84453125 0.721875 0.10078125 0.0375
0 0.915625 0.98125 0.090625 0.0375
0 0.91953125 0.94296875 0.096875 0.03046875
0 0.9171875 0.90625 0.09921875 0.034375