2 0.76484375 0.11640625 0.2109375 0.15390625
0 0.8125 0.09765625 0.12265625 0.1921875
0 0.815625 0.07265625 0.109375 0.05
0 0.80546875 0.16171875 0.103125 0.04140625
0 0.809375 0.11875 0.10625 0.0375
2 0.65546875 0.69453125 0.3140625 0.1796875
0 0.75390625 0.7671875 0.096875 0.03984375
0 0.75546875 0.728125 0.09453125 0.0359375
0 0.75546875 0.6890625 0.09921875 0.0390625
0 0.75859375 0.64609375 0.09765625 0.04296875
0 0.646875 0.75625 0.1078125 0.0453125
0 0.64921875 0.71875 0.10390625 0.0421875
0 0.65234375 0.6796875 0.10078125 0.04140625
2 0.50078125 0.940625 0.2984375 0.11875
0 0.5 0.953125 0.10078125 0.0421875
0 0.50703125 0.91640625 0.10390625 0.03984375
0 0.60078125 0.9890625 0.096875 0.0203125
0 0.60390625 0.9609375 0.1015625 0.04140625
0 0.60390625 0.92578125 0.1015625 0.04609375
2 0.70625 0.3953125 0.265625 0.1796875