0 0.8992647078125 0 0.9030510828124999 0.0333201234375 0.9977105296875 0.034834673437500005 0.9967639328125 0 0.8992647078125 0
0 0.8386826624999999 0.2082507734375 0.9522739953125001 0.21658080625 0.9560603703125 0.168872446875 0.8434156375 0.16432879375 0.8386826624999999 0.2082507734375
0 0.836789475 0.256716409375 0.94280805 0.2612600640625 0.9484876171875 0.215066253125 0.8386826624999999 0.2112798765625 0.836789475 0.256716409375
0 0.8320565046875 0.2976092859375 0.9390216703125001 0.3029102171875 0.9409148625 0.25974550937499996 0.8330030953125 0.25520185624999997 0.8320565046875 0.2976092859375
0 0.8305595953125 0.3400167203125 0.9352352953124999 0.3460749234375 0.9361818875000001 0.30669659375 0.8339496921875 0.3029102171875 0.8305595953125 0.3400167203125
0 0.91328125 0.63203125 0.1109375 0.0453125
0 0.11832430468749999 0.5671993796875 0.22150309531249998 0.577801240625 0.22244969218750002 0.5361510828125 0.1192709 0.526306503125 0.11832430468749999 0.5671993796875
0 0.0160921046875 0.5573547999999999 0.11832430468749999 0.564927553125 0.1211640875 0.5285783296875 0.0160921046875 0.518733746875 0.0160921046875 0.5573547999999999
0 0 0.8708668734374999 0.071941175 0.879196903125 0.0728877703125 0.8398185765624999 0 0.8322458203125 0 0.8708668734374999
0 0.0747809578125 0.8428476796875 0.0757275546875 0.8829832828124999 0.1732267796875 0.8913133140625 0.1713335921875 0.8557213640624999 0.0747809578125 0.8428476796875
0 0.479923375 0.9291770906249999 0.479923375 0.8890414859375 0.3739048 0.8776823531250001 0.3739048 0.9185752328125 0.479923375 0.9291770906249999