2 0.91796875 0.1125 0.1640625 0.14609375
2 0.87109375 0.40859375 0.2546875 0.165625
2 0.79375 0.71171875 0.4125 0.16328125
2 0.67890625 0.96875 0.3234375 0.0625
0 0.93125 0.78671875 0.10546875 0.03828125
0 0.9390625 0.74921875 0.103125 0.04296875
0 0.9421875 0.70703125 0.1078125 0.0359375
0 0.94453125 0.665625 0.10390625 0.04140625
0 0.8171875 0.775 0.11015625 0.05
0 0.825 0.73671875 0.11484375 0.04609375
0 0.8328125 0.6953125 0.11171875 0.04609375
0 0.83359375 0.65703125 0.1015625 0.0390625
0 0.675 0.98125 0.10625 0.0375
0 0.68046875 0.94296875 0.103125 0.0453125
0 0.77890625 0.984375 0.1109375 0.03125
0 0.78828125 0.95546875 0.11015625 0.0421875