1 0.0151515171875 0.4348484828125 0.1363636375 0.445454546875 0.138257575 0.4 0.0208333328125 0.39242424374999996 0.0151515171875 0.4348484828125
1 0.8087121203125 0.21969697031250002 0.8219696953125 0.17424242343750002 0.7102272703125 0.1621212140625 0.700757575 0.20909090937500002 0.8087121203125 0.21969697031250002
1 0.3885943375 0.41680340625 0.3813981453125 0.4628590328125 0.4965372078125 0.4743729359375 0.5022941624999999 0.42946870312499996 0.3885943375 0.41680340625
1 0.2518667 0.7702803296875 0.2561844125 0.7230733140625001 0.1424845921875 0.7161649703124999 0.1367276375 0.761069203125 0.2518667 0.7702803296875
0 0.2144465046875 0.2544573296875 0.32526785 0.26481984375 0.3310248046875 0.21991560937500002 0.2158857421875 0.21415865625000002 0.2144465046875 0.2544573296875
0 0.5627421671875 0.147378 0.5684991203124999 0.10247376718750001 0.4562385375 0.09211125 0.4476031046875 0.13586409375 0.5627421671875 0.147378
1 0.3396602328125 0.127804359375 0.3425387125 0.07599177968750001 0.2230819328125 0.0690834359375 0.21876422031249998 0.116290453125 0.3396602328125 0.127804359375
1 0.9268694546875 0.2314295171875 0.9297479296875 0.18307110937499999 0.826122775 0.171557203125 0.8131696296875001 0.222218390625 0.9268694546875 0.2314295171875
1 0.7066659953125 0.53424525 0.7109837125 0.4893410171875 0.6044800796875001 0.484735453125 0.5972838874999999 0.528488296875 0.7066659953125 0.53424525
0 0.9139163078125 0.8658457500000001 0.9196732624999999 0.8209415171875 0.8102911546874999 0.8186387359375 0.8045342 0.8577860171875 0.9139163078125 0.8658457500000001
0 0.918234025 0.823244296875 0.9268694546875 0.78064284375 0.8189265828125001 0.774885890625 0.8088519171874999 0.8163359531250001 0.918234025 0.823244296875